0000 29-08-03 12:34:21 +20C   257   325   16   5 яно1 
0001 000 035 202 027 029 035 000 000 255 147 054 119 125 212 017 039
0002 000 023 190 027 022 029 000 000 255 147 056 095 156 223 013 027
0003 001 000 188 024 010 013 000 000 255 145 059 040 172 254 010 000
0004 005 000 183 026 006 001 000 000 255 153 066 022 172 255 007 000
0005 004 000 188 032 004 000 000 000 255 157 062 018 170 255 014 021
0006 002 000 190 030 006 000 018 000 255 152 058 004 175 255 008 038
0007 000 000 204 031 009 000 000 000 255 164 052 000 172 255 000 035
0008 000 000 207 029 007 000 000 000 255 159 042 007 146 255 000 047
0009 000 000 187 024 038 000 000 000 255 143 027 018 125 255 000 026
0010 000 000 154 012 000 000 000 000 255 109 003 015 097 249 011 015
0011 000 034 147 008 007 000 000 000 255 115 000 013 093 217 000 018
0012 000 000 126 008 010 000 000 000 255 103 000 002 108 167 002 010
0013 000 000 128 018 017 006 000 000 255 131 002 000 147 144 006 004
0014 000 000 119 033 009 000 000 000 250 167 001 000 177 117 005 005
0015 000 000 119 033 000 000 000 000 249 161 000 000 197 097 000 000
0016 000 000 131 014 000 000 000 000 255 114 000 000 204 086 000 000
0017 000 000 152 010 000 000 000 000 255 111 000 000 187 080 014 000
0018 000 000 171 017 000 000 000 000 255 130 000 000 168 086 063 000
0019 000 000 191 041 004 000 000 000 255 181 000 000 177 106 000 016
0020 000 000 199 047 023 000 000 000 255 191 000 000 213 158 005 027
0021 000 000 197 033 020 000 000 000 255 159 000 000 236 177 000 023
0022 000 000 197 029 015 000 000 000 255 154 000 000 247 180 000 030
0023 000 000 185 016 011 000 000 000 255 122 000 000 240 181 005 029
0024 000 000 182 000 010 000 000 000 255 081 000 000 157 179 016 000
0025 000 000 188 014 024 000 000 000 255 118 000 000 098 176 020 000
0026 000 000 179 040 031 004 000 000 255 180 000 000 136 182 037 026
0027 000 001 164 050 036 018 000 000 255 199 000 000 165 190 047 000
0028 000 000 152 035 048 028 000 000 255 161 000 000 201 224 031 000
0029 000 000 112 014 067 023 000 000 238 115 001 000 211 255 004 014
0030 000 000 064 017 086 021 000 000 152 123 010 010 205 255 002 000
0031 000 000 045 021 090 013 000 000 125 132 023 015 217 255 000 000
0032 000 000 032 020 083 015 000 000 103 128 023 001 213 255 003 004
0033 000 000 041 010 081 012 000 000 118 107 017 000 212 255 005 000
0034 000 000 066 000 075 006 000 000 158 054 007 004 215 255 033 000
0035 000 000 098 000 058 005 000 000 213 049 000 023 216 255 037 000
0036 000 000 106 001 060 008 000 000 230 086 000 027 208 255 010 000
0037 000 000 105 000 078 016 000 000 229 080 000 026 206 255 000 001
0038 000 000 105 000 099 014 000 000 226 064 000 019 199 255 023 011
0039 000 000 092 000 128 007 000 000 202 062 000 008 206 255 007 011
0040 000 000 057 001 169 043 000 000 142 088 000 000 218 255 019 001
0041 000 000 030 000 237 116 000 000 094 065 000 000 227 247 033 012
0042 000 000 005 000 255 195 000 000 052 051 000 000 225 216 045 016
0043 000 002 000 000 234 234 005 000 030 043 000 000 222 186 060 000
0044 000 000 000 000 182 250 008 000 005 045 000 005 230 167 066 047
0045 000 000 000 000 160 255 010 000 026 030 000 008 246 161 066 019
0046 000 000 000 000 164 255 001 000 027 021 000 011 255 175 052 027
0047 000 000 000 000 136 255 000 000 025 039 000 020 255 214 050 041
0048 000 000 000 000 114 255 000 000 030 012 011 025 255 249 044 043
0049 000 000 000 000 084 235 000 000 015 016 024 020 249 255 016 037
0050 000 000 000 000 069 199 000 000 009 022 019 000 218 255 011 032
0051 000 000 000 000 080 168 000 000 015 003 002 000 180 255 021 008
0052 000 000 000 000 096 158 000 000 029 004 000 028 148 255 022 009
0053 000 000 000 006 109 157 000 004 021 020 000 050 130 255 027 024
0054 000 006 000 000 110 156 000 000 024 003 000 067 133 255 011 013
0055 000 000 000 000 100 159 000 000 024 000 000 046 137 255 017 014
0056 000 000 000 000 072 181 000 000 028 000 000 010 146 255 017 025
0057 000 000 000 000 052 202 000 000 043 000 000 036 150 255 014 036
0058 000 000 004 000 054 224 000 003 052 020 000 030 140 248 019 060
0059 000 000 007 000 063 255 000 022 058 000 000 017 133 227 029 092
0060 000 000 018 000 050 255 000 013 076 000 000 008 130 247 034 078
0061 000 000 011 000 035 255 000 002 064 000 000 000 130 255 032 056
0062 000 000 007 000 029 255 000 000 060 000 000 014 125 255 012 046
0063 000 000 003 000 029 255 000 000 058 000 000 038 125 255 031 039
0064 000 000 000 000 035 255 002 000 037 000 000 020 125 255 046 037
0065 000 000 000 000 039 255 000 000 021 007 002 000 133 255 037 037
0066 000 000 000 049 043 255 000 000 007 020 000 000 147 255 029 026
0067 000 000 000 000 038 255 000 000 002 023 000 000 171 255 035 039
0068 000 000 000 000 029 255 007 000 011 000 000 000 186 255 054 025
0069 000 000 003 000 011 255 000 000 041 025 000 001 201 255 047 009
0070 000 000 002 000 023 255 000 000 048 020 000 001 197 255 025 000
0071 000 000 000 000 035 255 000 000 029 051 000 000 200 255 006 000
0072 000 000 000 000 059 255 000 000 022 065 000 009 201 255 013 009
0073 000 000 000 000 092 255 000 000 015 022 007 003 200 255 039 021
0074 000 000 000 000 134 208 000 000 022 009 020 001 183 255 015 013
0075 000 000 000 000 160 173 000 000 008 000 022 002 160 255 017 015
0076 000 000 000 000 155 176 000 000 003 019 022 001 132 255 024 040
0077 000 000 000 000 136 197 000 000 012 021 015 015 133 255 035 050
0078 000 000 000 000 103 222 000 005 008 029 001 023 148 255 050 062
0079 000 000 000 000 063 229 007 003 024 022 000 036 175 255 061 057
0080 000 000 000 000 047 228 007 000 032 031 000 041 192 255 062 044
0081 000 000 004 000 043 248 000 002 053 031 000 049 200 246 044 057
0082 000 000 000 000 043 255 000 003 038 026 000 032 173 205 019 058
0083 000 000 000 000 048 255 000 000 028 030 000 001 139 162 016 037
0084 000 000 000 000 057 229 000 000 025 063 000 000 106 126 000 049
0085 000 000 000 000 079 181 000 004 026 055 000 001 073 097 000 060
0086 000 000 004 000 081 160 032 000 053 020 002 011 065 075 006 054
0087 000 000 016 000 044 147 000 000 072 055 014 004 076 050 006 035
0088 000 000 019 000 020 133 000 000 078 055 026 000 090 040 009 046
0089 000 000 029 000 000 121 000 002 097 011 043 001 110 026 000 058
0090 000 000 022 000 006 133 000 001 081 018 052 003 124 009 000 054
0091 009 000 022 000 055 155 000 000 084 020 074 000 132 000 000 027
0092 009 000 012 000 069 136 000 000 064 030 072 000 136 000 000 017
0093 018 000 000 000 059 094 000 000 035 058 090 011 118 000 000 018
0094 033 000 000 000 050 057 000 000 016 034 117 009 092 000 000 012
0095 041 000 000 000 027 046 000 000 034 003 133 009 038 000 000 000
0096 048 000 000 000 006 043 000 000 016 000 145 009 017 000 000 003
0097 044 000 000 000 011 091 000 000 006 013 142 009 015 000 000 020
0098 042 000 027 000 023 128 000 000 001 003 136 017 016 000 000 026
0099 034 000 000 000 029 158 000 000 013 018 124 023 020 000 000 027
0100 026 000 000 000 024 148 000 000 027 023 109 030 025 000 002 028
0101 023 000 007 000 027 143 000 000 059 034 102 043 033 000 012 021
0102 024 000 040 000 030 159 000 000 114 037 100 041 047 000 005 001
0103 025 000 075 000 039 159 000 000 175 033 100 034 060 000 000 000
0104 029 000 121 000 045 136 000 000 252 001 107 003 047 000 000 000
0105 017 000 162 000 053 106 000 000 255 038 086 014 032 000 000 000
0106 006 000 193 000 049 050 001 000 255 034 065 026 018 000 000 000
0107 000 000 210 000 040 019 000 000 255 030 055 024 012 000 000 001
0108 000 000 228 000 026 001 000 000 255 001 041 019 002 000 008 008
0109 000 000 219 000 016 000 000 000 255 005 032 022 000 000 000 005
0110 000 000 224 000 017 000 021 000 255 016 023 026 000 000 000 001
0111 000 000 209 000 025 000 000 000 255 007 018 031 000 000 000 019
0112 000 000 192 000 028 001 000 000 255 000 015 022 000 000 000 002
0113 000 000 162 000 022 005 000 000 255 008 017 016 000 000 000 000
0114 000 000 114 000 021 017 000 000 242 025 017 000 000 000 000 000
0115 000 007 088 000 023 026 000 000 199 065 018 000 000 000 000 000
0116 000 000 084 001 022 028 000 000 192 086 022 000 000 000 000 000
0117 000 000 085 001 020 023 000 000 194 086 031 000 000 000 000 000
0118 000 000 082 000 019 022 000 000 191 079 046 000 000 000 000 000
0119 002 000 091 000 000 014 000 000 200 037 059 000 000 000 000 000
0120 011 000 087 000 000 001 007 000 202 045 075 000 000 000 000 000
0121 011 000 081 000 000 000 000 000 189 043 077 000 000 000 000 000
0122 008 000 089 000 023 000 000 000 199 049 074 000 000 000 000 000
0123 002 000 080 000 030 000 000 000 184 101 062 000 000 000 000 000
0124 001 000 074 000 022 000 000 000 175 100 060 000 000 000 000 000
0125 002 000 074 000 019 000 000 000 177 035 062 000 000 000 000 000
0126 003 000 085 000 017 000 000 000 194 079 064 000 000 000 000 000
0127 004 000 088 000 024 000 000 000 200 071 065 000 000 000 000 000
0128 005 000 088 000 031 000 000 000 200 069 066 002 000 000 000 000
0129 004 000 097 000 035 000 000 000 211 057 065 011 000 000 000 033
0130 003 000 093 000 057 001 000 000 203 030 061 001 000 000 000 016
0131 000 000 074 000 082 000 000 000 172 036 050 000 002 000 000 002
0132 000 000 075 000 085 000 000 000 174 045 041 000 001 003 000 000
0133 000 000 076 000 085 006 000 000 180 028 034 000 000 019 000 000
0134 000 000 100 000 091 016 000 000 207 054 018 000 000 029 000 021
0135 000 000 122 000 090 016 000 000 251 081 008 000 000 031 000 009
0136 000 000 173 001 098 010 000 000 255 083 000 000 000 036 000 009
0137 000 000 201 000 092 007 000 000 255 042 000 007 001 031 000 017
0138 000 000 198 000 073 000 000 000 255 007 000 010 007 033 000 001
0139 000 000 164 000 070 000 000 000 255 019 000 004 006 030 000 000
0140 000 000 129 000 046 000 000 000 254 021 000 000 012 026 000 003
0141 000 000 082 000 021 000 000 000 182 025 000 000 029 016 000 012
0142 000 000 054 000 061 034 000 000 140 035 000 000 036 003 000 012
0143 000 000 031 000 072 087 000 000 098 038 012 000 034 006 000 018
0144 000 000 022 000 054 117 000 009 082 052 000 000 028 016 000 032
0145 000 000 009 000 019 138 000 000 059 046 000 000 018 029 000 030
0146 000 000 001 000 004 116 000 000 046 042 000 000 015 056 000 023
0147 000 000 000 000 044 085 000 000 034 050 000 000 018 074 000 021
0148 000 000 000 000 079 062 000 000 021 052 000 000 023 085 009 010
0149 000 000 023 000 076 074 000 000 026 077 000 000 032 096 012 032
0150 000 000 000 000 086 118 000 000 039 039 000 000 047 120 010 031
0151 000 000 000 000 088 148 000 000 043 033 000 000 060 127 010 025
0152 000 000 000 000 081 195 000 000 036 034 000 003 085 132 004 054
0153 000 000 002 000 072 200 000 000 047 041 000 011 096 136 000 041
0154 000 000 000 000 068 189 000 000 043 048 000 017 102 137 000 049
0155 000 000 000 000 070 158 000 000 025 043 000 014 103 140 005 039
0156 000 000 000 000 077 120 000 002 029 049 000 005 091 147 000 059
0157 000 000 000 000 062 099 000 002 011 029 000 003 073 156 000 055
0158 000 000 000 000 052 150 000 000 026 049 008 000 058 163 000 028
0159 000 000 000 000 085 208 000 000 013 037 000 000 057 164 000 009
0160 000 000 000 000 116 213 000 000 019 039 000 000 071 161 000 022
0161 000 000 000 000 125 188 000 000 014 041 000 000 085 155 000 021
0162 000 000 000 000 112 155 000 000 021 051 000 000 090 150 000 024
0163 000 000 000 000 081 076 000 000 029 033 000 000 093 134 000 013
0164 000 000 000 000 059 009 000 000 025 030 000 000 083 125 000 009
0165 000 000 000 000 070 000 000 000 021 019 000 000 070 117 000 000
0166 000 000 000 000 086 015 000 000 072 031 000 000 059 112 000 000
0167 000 000 000 000 046 048 000 000 041 026 000 000 038 112 000 000
0168 000 000 013 000 040 064 000 000 069 036 000 000 015 103 000 010
0169 000 000 010 000 079 066 000 000 066 033 000 000 001 093 000 016
0170 000 000 005 000 098 045 000 000 057 026 000 000 001 086 000 018
0171 000 000 000 000 089 037 000 000 036 026 000 032 012 084 005 021
0172 000 000 010 000 066 069 000 000 065 033 000 000 028 086 012 014
0173 000 000 012 000 056 086 000 000 068 028 000 000 036 086 029 003
0174 000 000 001 000 029 097 000 000 045 044 000 000 051 079 011 004
0175 000 000 000 000 018 063 000 000 036 046 000 000 063 073 000 000
0176 000 002 009 000 030 006 000 000 061 030 000 000 065 063 000 000
0177 000 000 006 000 067 001 019 000 054 022 000 000 068 052 005 002
0178 000 000 006 000 128 065 000 000 075 049 000 000 072 033 000 000
0179 000 000 013 000 157 099 000 000 067 057 000 000 076 026 000 002
0180 000 000 024 000 193 128 000 000 087 019 000 006 082 023 003 007
0181 000 000 028 000 179 108 000 000 093 006 000 000 090 035 000 008
0182 000 000 029 000 134 048 000 000 095 000 000 000 098 046 000 000
0183 000 000 029 000 104 027 000 000 094 007 000 000 105 054 000 003
0184 000 000 013 000 110 056 000 000 066 002 000 000 102 053 000 002
0185 000 000 000 000 124 042 000 000 059 018 000 000 095 058 000 031
0186 000 000 005 000 151 041 000 000 054 022 000 000 093 060 010 039
0187 000 000 017 000 168 063 000 000 075 030 000 000 096 055 000 023
0188 000 000 047 000 171 069 000 000 127 035 000 009 088 047 000 019
0189 000 000 060 000 174 063 000 000 147 004 000 013 074 037 000 014
0190 000 000 070 000 186 063 000 000 164 011 000 000 066 032 001 009
0191 000 000 039 000 193 079 000 000 108 030 000 000 070 039 000 032
0192 000 000 006 000 191 088 000 000 053 035 000 001 080 054 005 042
0193 000 000 000 000 166 091 063 000 044 076 000 001 088 059 005 028
0194 000 000 001 000 115 081 000 000 050 064 000 000 091 054 027 024
0195 000 000 010 000 067 054 000 000 064 063 000 000 081 042 018 011
0196 000 000 004 000 054 035 000 000 054 038 000 000 074 030 004 010
0197 000 000 009 000 036 032 000 000 063 016 000 000 071 013 009 000
0198 000 000 008 000 059 069 000 000 063 026 000 000 070 000 000 029
0199 000 000 019 000 072 106 000 000 077 048 000 000 072 000 000 013
0200 000 000 024 000 074 115 000 000 088 039 000 000 069 000 000 027
0201 000 000 045 002 069 124 000 000 125 092 000 000 066 000 000 054
0202 000 000 036 005 051 119 000 003 104 094 000 000 060 000 000 060
0203 000 000 005 000 031 130 000 000 055 070 000 000 058 000 000 039
0204 000 000 001 000 034 190 000 000 046 046 000 000 059 000 000 025
0205 000 000 000 000 050 253 000 000 058 043 003 002 063 000 006 024
0206 000 000 000 000 046 255 000 000 036 086 005 000 067 000 000 028
0207 000 000 004 006 021 243 000 000 053 097 007 000 071 000 000 042
0208 000 000 029 003 024 195 000 000 094 090 011 000 068 000 040 041
0209 000 000 045 000 022 163 000 000 121 048 013 000 051 000 000 011
0210 000 000 036 000 012 141 000 000 103 032 018 000 043 000 000 035
0211 000 000 018 000 027 103 000 000 121 023 022 000 007 000 000 023
0212 000 000 007 000 054 060 000 000 057 037 027 000 000 000 000 000
0213 000 000 007 000 076 040 000 000 059 002 035 000 011 000 000 000
0214 000 000 016 000 064 079 000 000 073 002 041 000 024 000 000 000
0215 000 000 016 000 017 116 000 000 071 001 046 000 026 000 000 000
0216 000 000 002 000 000 131 000 000 044 006 049 000 015 000 000 000
0217 000 000 000 000 009 137 000 000 014 019 056 000 000 000 000 001
0218 000 000 000 000 012 135 000 000 024 028 046 000 000 000 000 000
0219 000 000 000 000 012 107 039 000 028 038 042 000 000 000 000 000
0220 000 000 000 000 037 061 000 000 044 037 047 000 000 000 000 000
0221 001 000 000 000 086 038 000 000 036 058 058 000 000 000 000 000
0222 002 000 000 000 115 022 000 000 034 049 061 000 000 000 009 000
0223 007 000 000 000 117 016 000 000 014 058 070 000 000 000 010 000
0224 007 000 000 004 097 048 000 000 034 094 071 000 000 000 015 000
0225 007 000 003 011 065 087 000 000 053 107 072 000 000 000 012 000
0226 008 000 013 000 038 089 000 000 070 070 073 000 000 000 009 000
0227 008 000 017 000 033 065 000 000 079 047 073 000 000 000 007 000
0228 005 000 035 000 034 029 000 000 105 025 067 000 000 000 000 003
0229 005 000 047 000 076 045 000 000 127 029 065 000 000 009 001 000
0230 005 000 056 000 072 086 000 000 141 027 066 000 000 027 009 003
0231 004 000 042 004 066 130 000 000 117 098 063 000 000 043 019 000
0232 002 000 050 004 078 168 000 000 133 094 059 000 000 060 045 000
0233 000 000 049 000 097 164 000 000 127 033 051 000 000 063 031 000
0234 000 000 018 000 104 135 000 000 075 063 043 000 003 060 019 000
0235 000 000 011 000 096 110 000 000 063 059 037 000 006 063 008 000
0236 000 000 002 000 087 068 000 000 050 038 019 000 012 066 000 019
0237 000 000 002 000 075 047 000 000 049 056 005 003 024 075 000 000
0238 000 000 009 000 074 050 000 000 059 039 000 002 035 084 001 000
0239 000 000 012 000 078 051 000 000 066 090 000 000 038 085 018 022
0240 000 000 026 000 077 071 000 000 089 043 000 000 036 090 025 031
0241 000 000 018 000 073 097 000 000 073 031 000 000 034 081 023 004
0242 000 000 000 000 075 109 000 000 037 008 000 000 022 079 016 013
0243 000 000 004 000 070 102 000 000 052 029 000 000 000 089 000 009
0244 000 000 000 000 059 086 000 000 029 033 000 000 000 100 000 020
0245 000 000 003 000 071 089 000 000 052 028 000 000 009 107 000 003
0246 000 000 013 000 058 089 000 000 068 027 000 000 022 103 000 000
0247 000 000 017 000 024 096 000 000 075 031 000 000 044 087 000 007
0248 000 000 013 000 010 113 000 000 067 026 000 000 067 073 000 016
0249 000 000 002 000 017 119 000 000 050 020 000 000 083 060 000 012
0250 000 000 005 000 039 105 000 000 052 052 000 000 085 063 000 001
0251 000 000 000 000 060 085 000 000 045 069 000 012 071 076 000 001
0252 000 000 014 024 045 043 000 000 069 139 000 022 058 097 000 013
0253 000 000 009 039 005 026 000 000 063 179 000 023 060 109 006 000
0254 000 000 020 056 052 015 000 000 081 215 000 026 079 131 000 009
0255 000 000 009 053 087 006 000 000 062 212 000 022 100 146 000 029
0256 000 000 000 057 081 000 000 000 040 223 000 015 115 162 011 029
0257 000 000 000 037 042 000 000 000 067 202 000 012 113 166 003 018
0258 000 000 000 022 009 018 000 000 078 180 000 024 102 180 000 021
0259 000 000 000 025 013 027 000 000 060 180 000 002 087 181 000 027
0260 000 000 000 020 009 038 000 000 074 169 000 000 061 167 000 024
0261 000 000 001 028 029 060 000 000 051 191 000 000 036 167 000 026
0262 000 000 007 041 020 087 000 000 058 211 000 000 021 165 000 016
0263 000 000 000 046 004 095 000 000 045 233 000 000 025 178 009 015
0264 000 000 009 036 000 106 000 000 068 229 000 000 054 181 002 023
0265 004 000 020 043 018 112 000 000 094 248 000 000 090 186 019 009
0266 000 000 030 065 021 097 000 000 096 255 000 000 103 208 000 040
0267 000 000 018 096 023 083 000 000 075 255 063 001 109 213 013 051
0268 000 000 008 108 036 074 000 000 062 255 000 015 107 218 002 052
0269 000 000 006 130 044 075 000 000 059 255 041 016 090 219 005 052
0270 000 000 012 139 040 072 000 000 067 255 000 000 081 216 002 050
0271 000 000 000 147 024 050 043 000 040 255 000 000 078 217 000 031
0272 000 000 007 144 009 039 000 000 094 255 000 012 082 215 000 030
0273 000 000 020 155 009 044 000 000 080 255 000 018 082 198 000 045
0274 000 000 031 153 000 046 000 000 098 255 000 017 072 177 063 030
0275 000 000 017 158 000 043 000 000 075 255 000 003 049 156 009 030
0276 000 000 016 148 011 046 000 000 074 255 000 000 023 153 012 030
0277 000 000 009 148 011 054 000 000 065 255 000 000 018 156 022 033
0278 000 000 013 149 000 047 000 000 070 255 000 001 029 142 003 020
0279 000 000 006 138 000 032 000 000 058 255 000 000 039 134 000 009
0280 000 000 000 134 010 019 000 000 031 255 000 000 038 100 014 015
0281 000 000 000 121 008 006 000 000 030 255 000 000 035 073 000 017
0282 000 000 017 108 010 000 000 000 078 255 000 000 035 060 000 017
0283 000 000 030 081 013 000 000 000 095 255 000 000 032 042 000 021
0284 000 000 030 037 019 023 000 000 099 249 000 000 023 039 000 028
0285 000 000 024 000 008 038 000 000 088 147 000 000 022 044 000 014
0286 000 000 015 000 005 015 000 000 072 043 000 000 028 052 000 021
0287 000 000 003 000 040 000 000 012 050 007 000 000 029 058 000 077
0288 000 000 001 000 085 000 000 028 051 000 000 000 033 061 000 104
0289 000 000 007 000 114 000 000 042 059 000 000 000 046 065 006 132
0290 000 000 010 000 112 000 000 057 061 000 000 000 052 064 025 159
0291 000 000 000 000 065 000 000 057 029 000 000 000 060 060 033 161
0292 000 000 000 000 033 000 000 058 029 000 000 000 064 048 028 162
0293 000 000 000 000 024 007 000 063 036 000 000 000 063 032 037 172
0294 000 000 000 000 009 017 020 072 040 026 000 000 055 022 040 189
0295 000 000 016 000 027 026 000 071 072 000 000 000 033 017 031 186
0296 000 000 028 000 045 031 000 070 091 032 000 000 016 012 021 183
0297 000 000 010 000 023 050 000 068 061 000 000 000 017 005 009 176
0298 000 000 003 000 000 095 000 052 052 015 000 002 023 004 003 145
0299 000 000 008 000 008 123 000 034 059 023 000 001 027 007 004 113
0300 000 000 012 000 014 155 000 002 064 021 000 000 029 014 000 057
0301 000 000 002 000 007 177 000 000 050 019 000 000 023 016 000 024
0302 000 000 000 000 000 200 000 000 013 012 000 000 000 013 000 008
0303 000 000 012 000 000 235 000 000 067 013 000 000 000 004 000 030
0304 000 000 016 000 000 255 000 000 072 010 000 000 000 000 000 041
0305 000 000 000 000 008 255 000 002 041 000 000 000 000 000 000 057
0306 000 000 003 000 020 255 000 005 052 010 000 000 007 000 000 063
0307 000 000 000 000 024 254 000 004 043 008 000 000 017 000 000 060
0308 000 002 000 000 023 215 000 000 037 046 000 001 019 000 000 037
0309 000 000 000 000 029 194 001 000 017 040 000 000 020 002 048 034
0310 000 000 000 000 048 182 000 000 005 022 000 016 016 010 000 016
0311 000 000 000 000 055 171 000 000 026 006 000 000 010 012 000 013
0312 000 000 000 000 046 153 000 000 043 008 000 000 007 011 000 006
0313 000 000 000 000 034 150 000 000 041 029 000 000 005 002 000 011
0314 000 000 000 000 022 142 000 000 023 026 000 000 005 000 000 001
0315 000 000 000 000 024 125 000 000 020 017 000 000 010 000 063 007
0316 000 000 000 000 020 121 000 000 057 008 000 000 018 000 000 003
0317 000 000 000 000 030 116 000 000 070 011 000 000 026 000 000 000
0318 000 000 000 000 036 120 000 000 042 012 000 000 031 000 000 000
0319 000 000 000 000 038 120 000 000 032 004 000 000 030 000 000 000
0320 000 000 000 000 035 111 000 000 045 000 000 000 029 000 000 000
0321 000 000 000 000 026 074 000 000 026 003 000 000 030 000 000 000
0322 000 000 000 000 019 031 000 000 031 013 000 008 031 000 000 011
0323 000 000 000 000 009 020 000 000 036 023 000 017 029 000 004 017
0324 000 000 000 000 023 047 020 000 034 000 000 015 026 000 000 017
0325 000 000 000 000 051 076 000 000 026 000 000 000 030 000 000 005
0326 000 000 000 000 080 103 000 000 030 009 000 000 032 000 000 000
0327 000 000 000 000 087 128 000 000 024 030 000 000 029 000 000 000
0328 000 000 000 000 066 156 000 000 011 057 000 000 019 000 000 000
0329 000 000 000 000 039 165 000 000 088 048 000 000 013 000 000 000
0330 000 000 012 000 007 164 000 000 067 021 000 000 005 000 000 000
0331 000 000 060 000 027 154 000 000 149 033 000 007 003 000 000 000
0332 000 000 066 000 050 142 000 000 161 020 000 000 001 000 000 008
0333 000 000 087 000 071 139 000 000 193 005 000 000 000 001 000 000
0334 000 000 104 000 090 146 000 000 223 000 000 000 001 001 000 007
0335 000 000 184 000 103 160 000 000 255 000 000 000 004 014 000 019
0336 000 000 253 000 107 153 000 000 255 000 000 000 008 028 009 026
0337 000 000 255 000 084 115 000 000 255 001 000 000 013 039 014 024
0338 000 000 255 000 057 072 000 000 255 009 000 011 017 045 010 016
0339 000 000 255 000 033 051 000 000 255 003 000 022 020 049 000 013
0340 000 000 255 000 018 050 000 000 255 012 000 021 032 051 000 000
0341 000 000 255 000 006 051 000 000 255 019 000 000 043 046 000 001
0342 000 000 255 000 001 051 000 000 255 019 000 005 043 038 000 000
0343 018 000 255 000 000 044 000 000 255 017 000 006 041 034 000 032
0344 000 000 255 000 000 035 000 000 255 000 000 009 042 032 006 015
0345 000 000 246 000 019 007 000 000 255 000 000 013 054 026 000 018
0346 000 000 225 000 059 000 000 000 255 004 000 033 054 013 014 009
0347 000 000 237 000 081 000 000 000 255 023 000 053 047 006 000 017
0348 000 000 225 000 100 000 000 000 255 035 000 054 035 007 003 010
0349 000 000 213 000 126 014 000 000 255 015 000 041 020 015 000 037
0350 000 000 205 000 130 007 000 002 255 000 000 048 014 019 004 060
0351 000 000 198 000 139 001 000 000 255 007 000 054 009 026 015 031
0352 000 005 185 000 174 022 000 000 255 037 000 065 002 028 010 008
0353 000 009 153 000 208 029 000 000 255 017 000 071 000 031 009 014
0354 000 008 138 000 219 032 000 000 255 013 000 070 000 042 038 017
0355 000 005 120 000 201 046 000 000 247 025 000 064 000 028 022 020
0356 000 000 112 000 176 056 000 000 235 017 000 070 000 014 009 020
0357 000 002 123 000 190 046 003 000 253 026 000 067 000 008 007 002
0358 000 015 143 000 207 044 000 009 255 034 000 084 000 000 008 005
0359 000 035 192 000 202 053 000 000 255 018 000 121 000 000 006 006
0360 000 051 209 000 176 062 000 000 255 016 000 158 000 000 000 012
0361 000 067 202 000 140 061 004 000 255 012 000 185 000 000 000 013
0362 000 063 189 000 117 051 000 000 255 010 000 178 000 000 000 012
0363 000 059 125 000 114 033 000 000 249 011 000 171 000 000 000 014
0364 000 050 054 000 145 018 000 000 136 026 000 152 000 000 000 017
0365 000 043 028 000 179 014 000 000 096 019 000 139 000 000 000 025
0366 000 043 036 000 186 027 000 000 110 038 000 142 000 000 000 019
0367 000 045 015 000 151 055 000 000 075 000 000 146 000 000 000 009
0368 000 048 012 011 140 079 000 000 069 001 000 150 001 000 000 016
0369 000 052 029 000 145 112 000 000 094 029 000 158 000 000 000 013
0370 000 062 025 000 140 138 000 000 089 002 000 178 000 000 000 000
0371 000 056 016 000 141 162 000 000 074 000 000 164 000 000 000 005
0372 000 042 007 000 141 195 000 000 057 000 000 135 000 000 000 013
0373 000 029 015 000 117 228 000 000 070 000 000 106 000 000 000 003
0374 000 010 022 000 116 241 000 000 084 003 000 072 000 000 000 007
0375 000 000 036 000 162 229 000 000 105 006 000 040 000 000 000 002
0376 000 000 048 000 191 205 000 000 127 001 000 049 000 000 000 014
0377 000 000 043 000 216 199 000 000 121 012 000 048 004 000 000 014
0378 000 000 025 000 243 214 000 000 092 028 000 034 020 000 000 000
0379 000 000 045 000 232 220 000 000 125 035 000 040 028 000 000 000
0380 000 000 050 000 202 222 000 000 134 034 000 039 037 000 000 000
0381 000 000 059 000 136 205 000 000 146 021 000 039 036 000 000 000
0382 000 000 065 000 082 171 000 000 154 018 000 041 023 000 000 000
0383 000 000 027 000 059 149 000 000 086 006 000 035 003 000 007 013
0384 000 000 029 000 064 155 000 000 094 000 013 037 000 000 000 022
0385 000 000 013 000 093 165 000 000 066 012 000 027 000 000 000 028
0386 000 000 019 000 109 191 000 000 078 025 000 014 000 000 000 021
0387 000 000 023 000 109 228 000 000 085 035 000 007 003 000 000 001
0388 000 000 045 000 105 247 000 000 121 037 000 028 007 000 000 000
0389 000 000 042 000 103 245 000 000 115 029 000 031 009 000 000 013
0390 000 000 036 000 105 243 000 000 104 002 000 017 011 000 003 038
0391 000 000 040 000 101 255 000 000 111 000 000 000 006 008 000 032
0392 000 000 038 000 108 208 000 000 110 000 000 000 000 013 000 020
0393 000 000 058 000 100 147 000 000 148 009 000 000 000 030 000 016
0394 000 000 063 000 104 091 000 000 154 004 000 000 001 051 000 005
0395 000 000 047 000 115 088 000 000 126 013 000 000 019 068 025 008
0396 000 000 043 000 127 086 000 000 150 012 000 008 030 071 000 012
0397 000 000 015 000 145 062 000 000 071 001 000 009 037 082 000 035
0398 000 000 024 000 169 072 000 000 090 029 000 004 037 080 000 051
0399 000 000 043 000 185 077 000 004 118 001 000 000 030 077 008 059
0400 000 000 014 000 182 074 000 000 068 000 000 000 021 056 000 039
0401 000 009 000 000 170 059 000 000 027 000 000 000 025 043 000 018
0402 000 000 000 000 156 028 015 000 021 003 000 000 034 040 000 001
0403 000 000 000 000 140 023 000 000 039 019 000 063 045 047 000 007
0404 000 000 000 000 112 028 000 000 040 019 000 000 055 054 000 021
0405 000 000 000 000 084 041 000 000 042 010 000 000 063 054 000 014
0406 000 000 000 000 081 030 000 000 042 017 000 000 067 048 000 015
0407 000 000 018 000 106 000 000 000 076 014 000 000 069 028 000 016
0408 000 000 012 000 129 000 000 000 066 033 000 000 063 008 000 021
0409 000 000 020 000 147 030 000 000 083 028 000 007 063 001 000 010
0410 000 000 003 000 153 035 000 000 050 038 000 021 068 000 000 012
0411 000 000 000 000 133 014 000 000 042 072 000 022 068 000 000 003
0412 000 000 002 004 109 000 000 000 048 094 000 025 065 000 000 000
0413 000 000 003 002 087 000 000 000 050 089 000 023 062 000 000 000
0414 000 000 008 000 075 000 000 000 059 088 000 017 065 000 000 000
0415 000 000 014 007 082 011 000 000 073 113 000 011 073 000 000 002
0416 000 000 004 031 101 014 000 000 053 179 000 013 088 000 000 023
0417 000 000 001 063 116 000 000 007 046 250 000 014 100 000 000 013
0418 000 000 012 105 094 000 000 000 068 255 000 015 106 000 000 009
0419 000 000 005 139 062 000 000 000 053 255 000 011 103 000 000 021
0420 000 000 007 174 002 000 000 000 076 255 000 018 103 000 000 033
0421 000 000 000 204 003 000 000 000 111 255 000 037 101 005 000 035
0422 000 000 027 220 006 000 000 000 096 255 000 010 099 009 020 026
0423 000 000 021 226 008 000 000 000 084 255 000 000 088 011 000 030
0424 000 000 033 232 004 007 000 000 103 255 000 000 011 014 000 016
0425 000 000 040 240 010 006 000 000 113 255 000 000 000 012 000 008
0426 000 000 039 252 000 000 000 000 113 255 000 000 000 010 000 016
0427 000 000 052 255 000 014 000 000 137 255 000 000 001 009 000 030
0428 000 004 029 255 000 000 000 000 093 255 012 000 004 009 005 027
0429 000 000 026 255 000 000 000 000 092 255 000 000 008 009 000 017
0430 000 000 019 255 000 000 000 000 078 255 001 000 012 003 000 005
0431 000 000 042 255 000 000 000 000 118 255 012 000 023 000 000 005
0432 000 000 053 255 000 013 000 000 135 255 018 000 038 000 000 018
0433 000 000 046 255 002 000 000 000 122 255 021 000 051 000 000 002
0434 000 000 020 255 000 000 000 000 081 255 024 000 052 000 002 000
0435 000 000 020 255 000 000 000 000 079 255 027 018 037 000 000 001
0436 000 000 024 255 000 000 000 000 087 255 029 032 010 000 000 010
0437 000 000 015 255 000 000 000 000 072 255 027 032 000 000 000 019
0438 000 000 006 255 000 000 000 000 058 255 023 029 000 000 000 017
0439 000 000 021 255 000 000 000 003 084 255 022 030 000 000 000 014
0440 000 000 042 255 000 000 000 008 117 255 024 027 000 000 000 037
0441 000 000 031 255 000 000 000 000 098 255 026 013 000 000 000 019
0442 000 000 010 255 000 007 000 000 064 255 022 000 000 000 000 000
0443 000 000 022 255 000 010 000 000 086 255 025 000 000 000 000 000
0444 000 000 033 255 000 015 000 000 105 255 028 000 000 000 019 001
0445 000 000 028 255 000 017 000 000 098 255 027 019 000 000 000 003
0446 000 000 029 255 000 021 000 000 097 255 024 014 000 000 022 000
0447 000 000 027 255 000 027 000 000 092 255 014 017 000 000 000 000
0448 000 000 024 255 000 024 000 000 091 255 008 024 000 000 000 006
0449 000 000 022 255 000 012 000 000 085 255 000 013 000 000 004 006
0450 000 000 020 255 000 000 000 000 081 255 000 000 000 000 004 000
0451 000 000 008 231 000 000 000 000 060 255 000 000 000 000 000 000
0452 000 000 037 199 000 000 000 000 107 255 000 000 000 000 000 000
0453 000 000 025 154 000 000 000 000 089 255 000 000 000 000 003 007
0454 000 000 036 116 000 000 000 000 107 255 000 000 000 000 000 012
0455 000 000 040 089 000 000 000 000 111 255 000 000 000 000 000 007
0456 000 000 022 046 002 034 000 000 091 201 000 000 000 000 000 008
0457 000 000 016 027 029 054 000 000 096 164 000 000 000 000 000 012
0458 000 000 010 011 093 078 000 000 063 108 000 000 000 000 000 000
0459 000 000 002 003 161 087 000 000 048 095 000 000 000 000 000 000
0460 000 000 000 002 225 086 000 000 047 095 000 000 000 000 000 000
0461 000 000 000 001 255 077 000 000 035 088 000 000 000 000 000 000
0462 000 000 000 000 255 073 000 000 039 037 000 000 000 000 000 009
0463 000 000 000 000 251 085 000 000 029 047 000 000 000 000 000 024
0464 000 000 000 000 191 103 000 000 026 042 000 007 000 000 000 014
0465 000 000 000 000 179 112 000 000 037 049 000 015 000 006 000 002
0466 000 000 000 000 184 099 000 000 022 046 000 016 000 012 000 000
0467 000 000 000 000 197 081 000 000 012 025 000 012 000 011 000 002
0468 000 000 000 000 201 061 000 000 011 000 000 007 000 001 006 004
0469 000 000 000 000 213 050 000 000 028 005 000 000 000 002 000 001
0470 000 000 000 000 182 039 000 000 029 025 000 000 000 000 000 000
0471 000 000 000 000 162 032 000 000 044 014 000 000 000 000 000 000
0472 000 000 001 000 122 025 000 000 048 010 000 000 000 000 000 000
0473 000 000 000 000 093 032 000 000 046 038 000 000 000 000 000 006
0474 000 000 000 032 099 055 000 000 032 014 000 000 000 000 000 008
0475 000 000 000 000 166 108 000 000 027 038 000 003 000 000 000 000
0476 000 000 000 000 204 173 000 000 042 028 000 010 010 000 000 002
0477 000 000 001 000 204 205 000 000 047 039 000 015 023 000 000 000
0478 000 000 000 000 178 194 000 000 024 016 000 021 014 000 000 005
0479 000 000 000 000 144 171 000 000 032 017 000 015 002 000 003 003
0480 000 000 007 000 139 146 000 000 060 015 000 000 000 000 000 010
0481 000 000 007 000 154 130 000 000 058 003 000 000 000 000 000 000
0482 000 000 000 000 161 131 000 000 043 002 000 000 000 000 000 002
0483 000 000 000 000 164 146 000 008 028 000 000 000 000 000 000 020
0484 000 000 000 000 154 164 000 000 025 003 000 000 011 000 000 029
0485 000 000 001 000 142 151 000 000 043 000 000 000 026 000 000 026
0486 000 000 041 000 132 143 000 000 115 000 000 000 038 000 000 003
0487 000 000 041 000 130 156 000 000 115 011 000 000 045 000 000 007
0488 000 000 002 000 140 165 000 000 049 007 000 019 033 000 064 019
0489 000 000 000 000 146 159 000 000 033 000 000 004 020 000 000 008
0490 000 000 000 000 152 146 021 000 039 014 000 000 004 002 000 000
0491 000 000 000 000 130 144 000 000 032 029 000 000 000 000 000 000
0492 000 000 000 000 130 164 000 000 043 012 000 000 000 000 000 000
0493 000 000 009 000 175 190 000 000 062 015 000 000 000 000 000 000
0494 000 000 009 000 197 177 000 000 062 043 000 000 004 000 000 000
0495 000 000 024 000 168 141 000 000 083 015 000 000 007 000 000 000
0496 000 000 023 000 129 134 000 000 085 017 000 000 003 000 000 002
0497 000 000 011 000 109 137 000 000 064 029 000 000 000 000 000 007
0498 000 000 000 000 093 139 000 000 031 049 000 000 000 000 015 000
0499 000 000 000 000 073 130 000 000 028 040 000 019 000 000 000 000
0500 000 000 000 000 053 133 000 000 035 034 000 009 000 000 000 000
0501 000 000 000 000 063 139 000 000 023 055 000 000 000 000 000 000
0502 000 000 000 000 100 153 000 000 022 067 000 000 000 010 000 000
0503 000 000 000 000 098 194 000 000 039 058 000 000 000 014 008 019
0504 000 000 015 000 071 238 000 000 073 080 000 000 000 019 000 027
0505 000 000 008 000 062 255 000 000 058 075 000 000 000 021 000 023
0506 000 000 000 000 093 255 000 000 028 058 000 000 000 023 000 021
0507 000 000 004 000 137 241 000 000 052 040 000 000 000 020 003 007
0508 000 000 004 000 134 192 000 000 058 072 000 005 001 012 000 002
0509 000 000 004 000 106 203 000 000 053 030 000 024 000 008 014 000
0510 000 000 009 000 112 237 004 000 064 026 000 033 000 005 000 000
0511 000 000 023 000 116 249 000 000 088 050 000 045 000 000 000 000
0512 000 004 041 000 108 233 000 000 119 029 000 065 000 000 000 000
0513 000 008 067 000 095 201 000 000 160 024 000 072 000 000 000 003
0514 000 009 084 000 095 129 000 000 191 009 000 073 000 000 000 000
0515 000 005 068 000 112 089 000 000 161 032 019 068 000 000 000 000
0516 000 006 060 000 109 086 000 000 146 048 000 068 000 000 000 013
0517 000 018 061 000 094 092 000 000 152 058 000 089 000 000 000 003
0518 000 021 089 000 082 091 000 000 201 082 000 095 000 000 000 004
0519 000 021 123 000 072 095 000 009 254 070 000 094 000 000 000 005
0520 000 024 124 000 067 086 000 000 255 041 000 100 000 000 000 010
0521 000 042 126 000 075 058 000 000 255 059 000 134 000 000 000 000
0522 000 055 132 000 113 029 000 000 255 081 000 158 000 000 000 000
0523 000 054 141 011 160 020 000 000 255 114 000 157 000 000 061 000
0524 000 056 156 016 202 021 000 000 255 128 000 159 000 000 001 000
0525 000 065 195 012 255 030 000 000 255 115 000 177 000 000 002 000
0526 000 079 231 000 255 036 000 000 255 058 000 202 000 000 000 000
0527 000 080 246 000 255 018 000 000 255 069 000 208 000 000 004 000
0528 000 086 232 000 254 010 000 000 255 073 000 225 000 000 000 000
0529 001 085 206 004 167 038 000 000 255 095 000 219 000 000 000 000
0530 000 080 166 003 094 078 000 000 255 091 000 211 000 000 000 008
0531 000 074 144 002 077 092 000 000 255 123 000 200 000 000 000 007
0532 000 067 105 008 131 089 000 000 224 138 000 181 000 000 000 007
0533 000 073 083 000 152 086 000 000 185 076 000 191 000 000 000 001
0534 000 076 067 000 127 061 000 000 160 061 000 197 000 000 000 003
0535 000 080 032 000 095 055 000 000 098 043 000 206 000 000 000 000
0536 000 085 028 000 090 074 000 000 093 035 000 214 000 000 000 000
0537 000 085 020 000 100 108 000 000 080 052 000 214 000 000 000 000
0538 000 085 027 000 104 139 000 000 091 084 000 212 000 000 000 000
0539 000 075 024 000 117 164 000 000 085 081 000 192 000 000 000 000
0540 000 065 019 000 127 181 000 000 077 052 000 177 000 000 000 000
0541 000 056 000 000 144 172 000 000 034 073 000 158 000 000 000 000
0542 000 048 000 000 128 169 000 000 026 050 000 142 000 000 000 000
0543 000 040 000 000 082 182 000 000 035 009 000 129 000 000 000 000
0544 000 033 013 000 077 194 000 000 067 013 000 115 000 000 000 003
0545 000 023 035 000 103 185 000 000 107 008 000 096 000 000 007 015
0546 000 015 057 000 150 171 000 000 142 003 000 083 000 000 017 001
0547 000 015 045 000 191 147 000 000 124 009 000 088 000 000 000 000
0548 000 019 044 000 199 137 000 000 125 011 000 092 000 000 000 000
0549 000 022 044 000 184 151 000 000 120 019 000 096 000 000 000 000
0550 000 021 039 000 143 159 000 000 111 013 000 094 011 000 000 000
0551 000 018 029 000 102 173 000 000 093 007 000 088 032 000 004 000
0552 000 014 017 000 088 168 000 000 072 053 000 081 051 000 000 027
0553 000 007 003 000 121 163 000 000 049 052 000 069 059 000 000 000
0554 000 000 003 000 133 153 000 000 049 059 000 055 056 000 000 000
0555 000 000 002 000 100 132 000 000 053 056 000 046 048 000 011 008
0556 000 000 016 000 053 089 000 000 072 034 000 034 041 000 000 000
0557 000 000 034 000 041 072 000 000 104 027 000 016 039 000 000 000
0558 000 000 042 000 047 065 000 000 116 017 000 005 039 000 000 000
0559 000 000 034 000 075 045 000 000 102 000 000 000 032 000 000 000
0560 000 000 032 000 126 041 000 000 098 002 000 000 002 000 000 000
0561 000 000 014 000 158 046 000 000 071 009 000 000 001 000 000 000
0562 000 000 010 000 161 079 000 000 066 029 000 000 000 000 063 000
0563 000 000 018 000 146 140 000 000 079 042 000 000 000 004 000 000
0564 000 000 023 000 120 192 000 000 086 036 000 000 000 013 008 000
0565 000 000 030 000 115 218 000 000 129 036 000 000 001 032 000 000
0566 000 000 018 000 135 234 000 000 075 024 000 002 008 057 000 007
0567 000 000 019 000 153 253 000 000 077 018 000 017 016 090 025 007
0568 000 000 001 000 131 255 000 000 045 023 000 005 031 098 031 000
0569 000 000 000 000 078 255 000 000 027 043 000 000 052 081 010 070
0570 000 000 000 000 050 255 000 000 035 069 000 002 075 071 001 035
0571 000 000 000 000 043 255 000 000 038 055 000 022 078 069 001 035
0572 000 000 000 000 048 255 000 000 046 021 000 041 072 068 000 018
0573 000 000 011 000 079 255 000 000 047 005 000 054 059 066 000 016
0574 000 003 000 000 114 207 000 000 038 009 000 059 037 056 000 010
0575 000 000 000 000 124 192 000 000 035 019 000 044 017 050 000 003
0576 000 000 000 000 125 225 000 000 042 047 000 021 013 043 003 018
0577 000 000 009 000 132 252 000 000 060 037 000 014 031 035 000 000
0578 000 000 000 000 139 255 000 000 043 055 000 009 052 029 030 000
0579 000 000 000 000 163 255 000 000 043 060 000 000 083 024 000 000
0580 000 000 007 000 200 255 000 063 057 096 000 000 115 022 000 005
0581 000 000 008 000 213 255 000 000 058 054 000 000 123 019 003 022
0582 000 000 000 000 209 255 000 000 040 084 000 000 119 016 000 022
0583 000 000 000 000 208 255 000 000 004 042 000 000 101 013 000 009
0584 000 000 000 000 230 227 000 000 000 059 000 010 094 008 000 011
0585 000 000 000 002 255 190 000 000 004 090 000 022 097 003 000 054
0586 000 000 000 000 255 194 000 000 018 068 000 025 111 002 000 003
0587 000 000 000 000 255 195 000 000 025 032 000 030 120 002 000 009
0588 000 000 000 000 255 195 000 000 006 062 000 040 132 008 000 002
0589 000 000 000 001 246 203 000 000 000 088 000 042 139 024 000 007
0590 000 000 000 000 220 214 000 000 005 057 000 035 134 053 000 000
0591 000 000 000 000 210 220 000 000 015 036 000 020 127 068 000 006
0592 000 000 002 000 184 223 000 000 049 054 000 000 121 087 000 022
0593 000 000 015 000 170 225 000 000 072 053 000 000 127 103 000 008
0594 000 000 006 000 175 229 000 000 056 045 000 000 125 110 000 001
0595 000 000 001 000 175 222 000 000 046 031 000 028 113 112 000 000
0596 000 000 000 000 157 206 000 000 025 025 000 043 095 111 000 000
0597 000 000 004 004 123 202 000 000 052 040 000 034 069 109 010 007
0598 000 000 020 000 099 205 000 000 081 039 000 015 043 114 000 007
0599 000 000 043 000 081 215 000 000 119 037 000 004 001 122 015 009
0600 000 000 083 000 091 247 000 000 191 050 000 019 000 117 011 009
0601 000 026 104 000 117 255 000 000 221 029 000 004 000 103 000 003
0602 000 000 110 000 138 255 000 000 230 019 000 030 009 097 000 010
0603 000 000 098 000 130 255 000 000 212 016 000 005 030 086 000 002
0604 000 000 066 000 109 240 007 000 155 037 000 000 038 078 000 018
0605 000 000 030 000 106 207 000 000 096 029 000 000 039 065 063 007
0606 000 000 030 000 118 199 000 000 096 046 000 003 033 055 000 000
0607 000 000 030 000 130 213 000 000 096 057 000 018 028 051 000 000
0608 000 000 036 000 155 249 000 000 111 035 000 037 020 045 000 000
0609 000 000 047 000 164 254 000 000 129 054 000 032 015 044 006 000
0610 000 000 055 000 168 255 000 000 142 069 000 008 010 043 000 000
0611 000 000 045 000 153 255 000 000 123 062 000 010 008 035 000 001
0612 000 000 045 000 121 236 000 000 122 079 000 025 004 027 000 000
0613 000 000 035 000 101 203 000 063 103 076 000 018 006 020 000 002
0614 000 000 023 011 111 185 000 000 086 109 000 000 007 014 000 000
0615 000 000 018 018 112 187 000 000 076 126 006 004 004 018 000 009
0616 000 000 000 017 144 166 000 000 042 124 013 014 000 005 000 027
0617 000 000 002 011 159 113 000 000 050 115 016 040 000 000 010 005
0618 000 000 008 008 157 073 000 000 060 106 019 022 000 000 006 020
0619 000 000 000 004 137 046 000 000 038 099 022 000 000 000 000 012
0620 000 000 002 001 102 087 000 000 050 091 025 000 000 004 000 013
0621 000 000 000 000 061 104 000 000 043 076 025 008 000 005 000 002
0622 000 000 000 000 046 121 000 000 036 076 022 011 000 003 000 009
0623 000 000 000 000 036 129 000 000 026 069 023 021 000 002 000 036
0624 000 000 000 000 035 127 000 000 025 048 007 028 004 014 005 034
0625 000 000 000 000 056 118 000 000 025 030 003 033 007 036 000 007
0626 000 000 000 000 104 125 000 000 027 019 000 024 004 060 000 000
0627 000 000 000 000 146 134 000 000 026 016 000 016 000 082 000 000
0628 000 000 000 000 154 136 000 000 034 035 000 005 000 103 005 000
0629 000 000 001 000 116 149 000 000 047 034 000 001 000 102 000 005
0630 000 000 000 000 058 186 000 000 042 011 000 026 000 108 000 004
0631 000 001 000 000 018 214 000 000 041 000 000 057 000 112 000 017
0632 000 013 000 000 000 208 000 000 037 010 000 084 000 099 000 014
0633 000 017 009 000 000 204 000 000 061 014 000 089 000 099 000 020
0634 000 017 032 000 000 200 000 000 098 005 000 091 005 094 009 005
0635 000 000 031 000 000 192 000 000 097 000 000 048 032 091 000 024
0636 000 000 012 000 000 187 000 000 065 000 000 032 041 099 006 033
0637 000 000 000 000 005 189 000 000 031 000 000 037 038 110 015 030
0638 000 000 000 000 030 209 000 000 024 000 000 043 018 126 018 023
0639 000 000 000 000 048 217 000 000 030 000 000 045 008 141 012 043
0640 000 000 000 000 063 183 000 000 022 032 000 039 002 146 008 044
0641 000 000 000 000 078 117 000 000 033 000 000 040 001 151 000 027
0642 000 000 000 000 095 084 000 000 044 018 000 036 010 148 020 021
0643 000 000 013 000 097 088 000 000 069 007 000 029 012 147 020 025
0644 000 000 034 000 076 147 000 000 103 018 000 021 014 154 015 005
0645 000 000 013 000 042 226 000 000 066 029 000 008 014 168 000 006
0646 000 000 017 000 021 255 000 000 076 038 000 000 012 190 000 008
0647 000 000 037 000 022 228 000 000 107 010 000 008 010 196 000 008
0648 000 000 019 000 043 196 000 000 075 030 000 037 010 183 000 005
0649 000 000 000 000 073 202 000 000 038 012 000 033 009 169 000 018
0650 000 000 000 000 093 236 000 000 041 020 000 035 008 142 000 006
0651 000 000 000 000 099 247 000 000 003 034 000 033 022 122 016 010
0652 000 000 000 000 079 241 000 000 013 028 000 031 036 100 014 006
0653 000 000 002 000 029 220 000 000 050 029 000 027 050 070 010 008
0654 000 000 015 000 000 172 000 000 071 040 000 031 044 046 000 016
0655 000 000 032 000 064 113 000 000 097 071 000 039 024 031 000 023
0656 000 000 005 000 146 080 000 000 052 040 000 047 000 031 000 013
0657 000 001 000 000 176 081 000 000 019 030 000 058 000 033 000 000
0658 000 008 000 000 224 070 000 000 024 020 000 070 000 046 000 000
0659 000 006 005 000 221 076 000 000 055 033 000 067 000 077 000 000
0660 000 008 022 000 206 091 000 000 082 061 000 071 000 104 000 000
0661 000 003 022 000 194 118 000 000 082 055 000 059 000 118 008 000
0662 000 000 010 000 164 160 000 000 062 047 000 036 008 154 000 003
0663 000 000 019 000 177 206 000 000 077 044 000 070 026 171 000 023
0664 000 000 017 000 221 209 000 000 073 007 000 030 037 187 000 025
0665 000 000 003 000 254 178 000 000 051 000 000 015 042 206 000 031
0666 000 000 000 000 255 143 000 000 056 000 000 014 041 210 000 029
0667 000 000 000 000 216 128 000 000 043 002 000 008 030 210 000 032
0668 000 000 015 000 164 140 000 000 075 020 000 000 016 199 000 031
0669 000 000 054 000 099 149 000 000 140 033 000 006 000 166 018 022
0670 000 000 063 000 083 132 000 000 150 079 000 024 002 137 005 020
0671 000 000 068 000 101 075 000 000 160 048 000 020 024 091 000 009
0672 000 000 047 000 051 029 000 000 126 054 000 035 067 067 000 000
0673 000 000 012 000 045 000 000 000 097 066 000 057 074 058 000 004
0674 000 005 023 000 078 009 000 000 085 078 000 065 056 057 000 006
0675 000 016 015 004 090 023 000 000 072 094 000 086 043 072 012 001
0676 000 024 021 021 096 028 000 000 080 134 000 100 043 103 000 001
0677 000 025 025 036 098 028 000 000 122 174 000 101 047 122 010 005
0678 000 016 042 070 102 030 000 000 119 247 000 083 050 134 015 000
0679 000 000 048 091 095 025 000 000 128 255 000 045 039 134 010 000
0680 000 000 050 091 057 027 000 000 132 255 000 023 038 123 000 000
0681 000 000 070 074 029 038 000 000 167 254 000 000 041 108 000 000
0682 000 000 073 055 076 027 000 000 171 215 000 000 050 112 000 000
0683 000 000 046 055 150 010 000 000 163 213 000 000 068 133 000 002
0684 000 000 053 067 144 021 000 000 136 242 000 000 094 155 000 015
0685 000 000 067 077 078 029 000 000 182 255 000 000 108 174 001 022
0686 000 000 045 067 092 029 000 000 124 242 000 000 116 168 006 038
0687 000 000 058 064 101 030 005 000 143 238 000 000 115 162 008 028
0688 000 000 048 033 113 029 000 000 124 157 000 003 111 153 001 032
0689 000 000 053 000 178 024 000 000 136 062 000 012 101 125 000 040
0690 000 000 117 000 180 003 000 011 248 032 000 020 091 103 000 075
0691 000 000 148 000 140 007 000 003 255 020 000 014 081 093 000 058
0692 000 000 117 000 110 011 000 000 243 013 000 002 074 078 063 031
0693 000 007 089 000 101 019 000 000 199 015 000 000 071 074 002 032
0694 000 000 065 000 096 033 000 000 154 031 000 000 068 066 000 031
0695 000 000 051 000 104 039 000 000 129 040 000 000 066 063 000 029
0696 000 000 036 000 115 047 000 000 106 034 000 000 057 067 000 021
0697 000 000 042 000 109 092 000 000 116 034 000 000 063 070 000 007
0698 000 000 060 000 107 136 000 000 151 037 000 000 066 078 001 002
0699 000 000 062 000 137 164 000 000 153 031 000 000 063 083 000 002
0700 000 000 042 000 165 190 000 000 120 023 000 000 054 092 000 008
0701 000 000 048 000 190 197 000 000 127 020 000 000 035 098 000 050
0702 000 000 060 000 187 194 000 000 147 016 000 003 016 106 000 050
0703 000 000 064 000 126 196 000 000 158 025 000 002 000 111 004 034
0704 000 000 073 012 088 226 000 000 169 022 000 000 000 115 014 021
0705 000 000 074 000 091 255 000 000 170 011 000 000 000 117 000 009
0706 000 000 068 000 102 255 000 000 160 013 000 000 000 117 000 022
0707 000 000 065 000 100 255 000 000 155 038 000 000 023 115 000 033
0708 000 000 058 000 104 255 000 000 143 041 000 000 064 121 000 021
0709 000 000 048 000 110 255 000 000 125 019 000 000 090 133 000 029
0710 000 000 033 000 070 252 000 000 100 000 000 002 101 138 000 045
0711 000 000 029 000 033 229 000 000 094 000 000 031 098 140 000 036
0712 000 000 035 000 033 222 000 000 106 000 000 030 092 125 000 035
0713 000 000 044 000 044 248 000 000 125 006 000 005 085 108 001 028
0714 000 000 035 000 063 255 000 000 104 020 000 000 076 098 000 019
0715 000 000 027 000 064 255 000 000 088 038 000 000 078 087 000 019
0716 000 000 015 000 073 255 000 000 069 041 000 005 083 078 000 029
0717 000 000 009 000 086 255 000 000 061 007 000 005 085 078 000 033
0718 000 000 000 000 090 255 000 000 043 002 000 003 088 078 000 028
0719 000 000 000 000 072 244 000 000 031 033 000 004 081 086 000 044
0720 000 000 000 000 054 202 000 000 043 001 000 008 070 090 000 033
0721 000 000 000 000 050 181 000 000 028 013 000 013 063 097 000 027
0722 000 000 000 000 070 144 000 000 020 063 025 044 064 098 000 035
0723 000 000 000 000 063 129 000 000 018 023 000 027 070 098 002 030
0724 000 000 000 000 047 131 000 000 043 023 000 023 083 096 000 043
0725 000 000 001 000 041 138 000 000 047 029 012 026 093 095 000 053
0726 000 000 001 000 049 140 000 000 048 033 000 005 097 093 000 045
0727 000 000 012 000 065 159 000 000 065 027 000 000 101 088 000 022
0728 000 000 004 000 126 206 000 000 052 033 000 000 115 083 000 020
0729 000 000 034 000 147 255 000 000 103 054 000 010 133 082 000 021
0730 000 000 018 000 147 255 000 000 073 019 000 013 150 090 000 018
0731 000 000 000 000 119 255 000 000 028 038 000 009 155 098 000 013
0732 000 000 000 000 082 255 000 000 037 046 000 030 151 110 007 034
0733 000 000 000 000 061 227 000 064 019 051 000 039 134 109 009 071
0734 000 000 000 000 054 187 000 016 033 002 000 033 112 104 002 085
0735 000 000 000 000 064 145 000 010 022 000 000 020 091 091 000 071
0736 001 000 000 000 066 108 000 000 007 005 000 001 071 073 000 053
0737 000 000 000 000 061 073 000 000 023 017 000 031 050 055 006 035
0738 000 000 000 000 054 059 000 000 039 019 000 038 049 052 000 041
0739 000 000 000 000 071 044 000 000 031 020 000 031 071 057 000 032
0740 000 000 000 000 112 027 000 000 020 017 000 014 094 063 000 029
0741 000 000 009 000 131 022 000 000 060 007 000 000 117 071 000 004
0742 000 000 019 000 141 056 000 000 076 005 000 000 124 079 000 006
0743 000 000 031 000 139 138 020 000 097 016 000 006 122 078 000 019
0744 000 000 015 000 124 180 000 000 070 072 000 029 114 064 000 009
0745 000 000 000 003 122 163 000 000 047 090 000 038 105 052 000 001
0746 000 000 000 000 150 118 000 000 028 075 000 021 103 033 000 000
0747 000 000 000 000 190 078 000 000 043 063 000 000 103 015 000 000
0748 000 000 020 000 205 061 000 000 080 034 001 000 111 000 000 000
0749 000 000 019 000 174 059 000 000 077 013 000 007 123 000 000 000
0750 000 000 002 000 200 085 000 000 049 005 000 005 140 000 000 000
0751 000 000 000 000 252 089 000 000 016 024 000 000 167 000 000 000
0752 000 000 000 000 241 008 000 000 029 047 000 000 201 002 000 007
0753 000 000 000 000 206 000 000 000 030 033 000 000 226 012 063 022
0754 000 000 000 000 178 032 000 000 028 016 000 010 232 024 000 035
0755 000 000 000 000 112 072 000 000 041 000 000 022 212 044 000 041
0756 000 000 009 000 043 062 000 000 060 046 000 026 165 035 000 033
0757 000 000 014 000 029 018 000 000 069 000 000 020 127 032 000 025
0758 000 000 004 000 032 000 000 000 050 000 000 000 129 029 000 005
0759 000 000 013 000 032 000 000 000 071 000 000 000 137 029 000 000
0760 000 000 049 000 049 000 000 000 134 000 000 000 139 032 000 001
0761 000 000 058 000 072 000 000 000 147 000 000 000 136 039 000 000
0762 000 000 054 000 113 000 000 000 142 000 000 000 124 050 000 028
0763 000 000 064 000 153 000 000 000 159 000 000 000 107 061 000 007
0764 000 000 059 000 143 000 000 000 148 000 000 000 082 058 000 006
0765 000 000 040 000 102 000 000 000 111 000 000 000 074 058 004 008
0766 000 000 006 000 074 000 000 000 057 000 000 004 078 060 004 001
0767 000 000 047 000 063 000 000 000 131 000 000 008 082 070 026 000
0768 000 000 083 000 059 009 000 000 191 000 000 007 086 073 000 008
0769 000 000 101 000 077 044 000 000 222 004 000 011 077 077 000 025
0770 000 000 102 000 074 059 000 000 221 006 000 016 067 082 000 047
0771 000 000 079 000 068 064 000 000 180 002 000 021 052 081 000 047
0772 000 000 072 000 099 085 000 000 173 016 000 022 044 078 000 020
0773 000 000 080 000 082 113 000 000 187 001 000 033 051 078 000 003
0774 000 001 066 000 088 149 000 000 156 006 000 057 061 073 000 000
0775 000 010 039 000 097 130 000 000 110 008 000 080 074 073 000 000
0776 000 022 025 000 107 094 000 000 089 014 012 099 081 070 000 002
0777 000 023 013 000 109 082 000 010 068 012 000 103 078 067 000 000
0778 000 017 003 000 101 078 000 000 050 033 000 091 075 077 000 000
0779 000 007 013 000 090 090 000 000 068 043 000 072 077 072 000 000
0780 000 000 021 000 086 121 000 000 081 042 000 058 080 074 000 008
0781 000 000 011 000 089 143 000 000 065 028 000 051 086 094 003 021
0782 000 000 003 000 088 158 000 000 050 049 000 048 085 095 000 010
0783 000 000 000 000 105 185 000 000 035 051 000 054 080 113 033 000
0784 000 005 007 000 128 218 000 000 058 028 000 066 078 123 000 000
0785 000 006 012 000 121 240 000 000 065 032 000 066 080 104 002 014
0786 000 008 016 000 075 223 000 000 074 031 000 069 071 085 011 000
0787 000 006 021 000 084 246 000 000 082 033 000 065 047 059 000 000
0788 000 003 013 000 113 239 000 000 066 031 000 060 025 050 000 000
0789 000 000 001 000 127 225 000 000 047 033 000 050 044 054 024 011
0790 000 000 001 000 150 199 000 000 047 034 000 030 066 070 036 002
0791 000 000 000 000 118 170 000 000 046 071 000 004 083 097 008 003
0792 000 000 014 006 121 151 000 000 070 098 000 000 080 112 007 026
0793 000 000 017 009 132 138 000 000 073 110 000 005 078 114 034 044
0794 000 000 000 000 160 123 000 000 029 084 000 009 080 111 000 048
0795 000 000 000 001 186 101 000 000 023 025 000 002 079 086 000 045
0796 000 000 000 000 161 088 000 000 038 010 000 012 071 084 000 034
0797 000 000 000 000 104 070 000 000 032 015 000 009 068 085 000 054
0798 000 000 000 000 086 053 000 000 035 033 000 000 078 107 000 049
0799 000 000 006 000 081 065 000 000 057 050 000 005 089 138 000 029
0800 000 000 013 000 086 100 000 000 066 063 000 027 115 139 000 035
0801 000 000 000 000 090 124 000 000 040 054 000 032 149 171 000 036
0802 000 000 000 000 087 127 000 000 016 023 000 023 175 206 000 020
0803 000 000 000 000 083 121 000 000 021 016 000 013 175 179 000 008
0804 000 000 000 000 086 111 000 000 023 053 000 016 153 168 000 035
0805 000 000 000 000 141 124 000 000 028 069 000 026 130 149 000 015
0806 000 000 021 000 206 152 000 000 082 063 000 033 119 137 000 025
0807 000 000 037 000 253 187 000 000 109 027 000 045 130 143 000 033
0808 000 005 035 000 240 210 000 000 102 020 000 067 130 142 000 044
0809 000 019 005 000 184 239 000 004 053 013 000 093 115 149 000 102
0810 000 026 007 000 140 255 000 001 058 004 000 104 088 159 000 054
0811 000 027 010 000 139 255 000 000 063 000 000 106 076 151 000 048
0812 000 020 011 000 166 255 000 000 059 000 000 091 061 149 000 034
0813 000 014 000 000 188 255 000 000 042 004 000 084 059 135 000 015
0814 000 013 000 000 189 229 000 000 037 032 000 082 063 112 000 019
0815 000 008 007 000 169 206 000 000 058 050 000 073 059 106 000 017
0816 000 000 001 000 162 222 000 000 045 052 000 058 061 087 000 000
0817 000 000 000 000 146 255 007 000 044 011 000 045 063 096 000 000
0818 000 000 000 000 131 255 000 000 048 059 000 043 063 115 000 000
0819 000 000 000 000 140 255 000 000 040 072 000 037 059 118 000 000
0820 000 000 000 000 176 255 000 000 032 083 000 022 056 138 000 000
0821 000 000 000 000 223 254 000 000 038 058 000 016 065 130 000 005
0822 000 000 000 000 255 245 000 000 034 037 000 014 088 134 029 000
0823 000 000 027 000 255 255 000 000 092 035 000 012 111 141 000 000
0824 000 000 028 000 255 255 000 000 096 031 000 006 133 128 000 000
0825 000 000 008 000 255 255 000 000 060 021 000 029 143 135 000 000
0826 000 002 000 000 255 249 000 000 020 003 000 060 149 137 000 000
0827 000 014 014 000 234 192 000 000 069 014 000 085 146 136 000 003
0828 000 014 019 000 191 161 000 000 077 025 000 085 128 152 000 000
0829 000 004 001 000 141 161 000 000 041 000 000 066 116 141 000 004
0830 000 000 000 000 104 179 000 000 039 042 000 057 114 150 051 011
0831 000 000 000 000 069 218 000 000 034 011 000 038 116 173 000 012
0832 000 000 000 000 064 231 000 000 014 021 000 014 116 176 000 032
0833 000 000 000 000 076 252 000 001 018 012 000 000 110 191 000 058
0834 000 000 000 000 088 255 000 014 020 007 000 001 112 169 000 080
0835 000 000 000 000 088 255 000 020 037 000 000 000 120 151 004 090
0836 000 000 000 000 067 255 000 023 044 000 000 008 117 133 003 094
0837 000 000 002 000 061 255 000 012 050 001 000 014 096 111 000 076
0838 000 000 033 000 133 228 000 000 084 027 000 011 070 118 000 039
0839 000 000 045 000 206 171 000 000 123 066 000 001 078 133 008 037
0840 000 000 036 000 254 130 000 000 105 070 000 000 108 153 000 036
0841 000 000 024 000 255 148 000 000 085 036 000 032 147 205 000 025
0842 000 000 008 000 255 166 000 000 059 023 000 000 165 195 000 006
0843 000 000 003 000 215 209 000 000 050 010 000 000 186 232 005 002
0844 000 000 012 000 143 213 000 000 066 009 000 000 195 241 050 005
0845 000 000 013 000 083 198 021 000 069 000 000 000 190 221 000 014
0846 000 000 021 000 102 179 000 000 079 011 000 010 187 222 002 031
0847 000 000 015 000 165 157 000 000 071 015 000 019 173 190 009 023
0848 000 000 026 000 104 117 000 000 091 000 000 026 135 179 002 017
0849 000 000 050 000 089 088 000 000 128 000 000 026 094 182 000 000
0850 000 000 034 000 141 078 002 000 103 024 000 022 081 153 004 000
0851 000 000 012 000 171 085 000 000 064 061 000 010 083 143 000 000
0852 000 000 009 000 185 079 000 000 061 081 000 006 099 120 000 002
0853 000 000 013 000 172 058 000 000 070 062 000 003 105 109 000 000
0854 000 000 021 000 134 035 000 000 084 026 000 000 099 108 000 005
0855 000 000 000 000 106 076 000 000 041 030 000 000 096 098 000 019
0856 000 000 000 000 120 157 000 000 028 034 000 000 091 091 000 010
0857 000 000 000 000 132 230 000 000 007 036 006 036 106 090 000 004
0858 000 000 000 000 128 255 000 000 026 040 005 053 142 069 013 000
0859 000 000 000 000 089 255 000 000 043 042 004 052 181 061 002 000
0860 000 003 004 000 050 255 000 000 053 078 001 062 203 050 000 012
0861 000 005 001 000 043 234 000 000 049 060 003 065 200 034 000 004
0862 000 000 001 000 044 199 000 000 046 051 016 041 175 026 007 019
0863 000 000 002 000 088 177 000 000 096 016 018 037 139 007 004 031
0864 000 000 000 000 175 168 000 000 036 027 022 021 092 011 001 037
0865 000 000 000 000 197 178 000 000 026 047 016 005 074 006 000 041
0866 000 000 000 000 195 193 000 000 019 038 012 020 082 005 000 046
0867 000 000 000 000 183 242 000 000 030 074 011 031 094 016 000 031
0868 000 000 005 000 178 255 000 000 054 007 001 029 108 002 000 022
0869 000 000 008 000 137 255 000 000 060 017 002 018 102 001 000 008
0870 000 000 000 000 079 255 000 000 040 020 000 005 084 004 000 002
0871 000 000 000 000 063 255 000 000 012 048 000 008 079 020 000 000
0872 000 000 000 000 089 255 000 000 018 071 000 000 077 047 000 000
0873 000 000 000 000 120 228 000 000 026 057 000 000 087 065 000 000
0874 000 000 000 000 176 218 000 000 015 027 000 000 097 086 006 000
0875 000 000 000 000 228 228 000 000 010 002 000 000 112 111 002 004
0876 000 000 000 000 248 233 000 000 002 006 000 000 134 118 002 003
0877 000 000 000 000 233 229 000 000 010 034 000 000 144 129 007 007
0878 000 000 011 000 178 212 000 000 021 047 000 000 150 133 011 005
0879 000 000 000 000 137 157 000 000 025 019 000 000 156 128 000 013
0880 000 000 000 000 101 043 000 000 013 037 000 008 159 124 000 018
0881 000 000 005 000 081 049 000 000 053 072 000 025 166 129 046 000
0882 000 000 008 002 077 050 000 000 060 088 000 017 165 129 000 014
0883 000 000 000 000 111 029 000 000 043 080 000 020 153 137 000 015
0884 000 000 000 000 142 013 000 000 023 074 000 029 146 130 000 015
0885 000 000 000 000 163 034 000 000 004 035 000 035 145 133 000 005
0886 000 000 000 000 161 058 000 000 009 030 000 015 153 127 009 007
0887 000 000 000 000 142 101 000 000 041 052 000 000 170 113 000 015
0888 000 000 000 000 129 131 000 000 039 055 000 009 182 109 002 020
0889 000 000 000 000 146 117 000 000 037 057 000 033 175 100 000 026
0890 000 000 001 000 138 082 000 000 048 056 000 055 164 100 000 028
0891 000 010 012 000 159 047 000 002 067 051 000 076 150 100 000 019
0892 000 028 019 000 182 040 000 000 077 037 000 109 131 101 000 013
0893 000 037 011 000 216 030 000 000 064 062 000 124 107 111 000 006
0894 000 033 000 000 210 022 000 000 043 047 000 115 091 118 000 006
0895 000 011 000 000 170 028 000 000 036 062 000 073 078 125 040 015
0896 000 000 000 000 117 048 000 000 031 081 000 050 082 131 000 023
0897 000 000 000 006 096 053 000 000 037 103 000 034 094 139 000 036
0898 000 000 000 001 083 075 000 000 029 087 000 033 091 148 000 048
0899 000 000 000 000 114 087 000 000 031 120 000 039 096 160 000 050
0900 000 000 000 006 120 087 000 000 031 099 000 038 113 166 000 046
0901 000 000 000 012 104 073 000 000 037 118 000 021 147 182 000 033
0902 000 000 000 020 084 060 000 000 034 138 000 023 183 182 000 034
0903 000 000 000 032 071 050 000 000 024 165 000 022 204 182 000 042
0904 000 000 000 036 064 037 000 000 025 174 000 022 204 173 007 037
0905 000 000 000 030 042 022 000 000 014 161 000 019 186 142 001 025
0906 000 000 000 036 058 008 000 000 010 181 000 017 163 140 016 018
0907 000 000 000 060 091 004 000 000 028 254 000 043 146 130 018 007
0908 000 003 000 064 110 010 000 000 036 255 000 063 139 133 007 007
0909 000 011 000 066 123 021 000 000 040 255 000 076 131 125 006 000
0910 000 018 000 080 117 026 000 000 046 255 000 088 120 126 009 013
0911 000 019 024 103 095 063 000 000 085 255 000 091 110 130 004 023
0912 000 016 035 128 067 102 000 000 105 255 000 101 106 124 000 021
0913 000 001 048 156 060 103 000 000 141 255 000 054 107 105 005 022
0914 000 000 047 168 092 100 000 000 125 255 000 022 111 088 000 006
0915 000 000 034 164 131 097 000 000 103 255 000 007 114 079 000 000
0916 000 000 024 144 151 094 000 000 089 255 000 005 114 083 063 012
0917 000 000 017 107 157 121 005 000 074 255 000 005 117 082 000 023
0918 000 000 019 081 150 148 000 000 078 255 000 000 123 073 003 018
0919 000 000 014 065 137 152 000 000 070 239 000 000 125 063 000 020
0920 000 000 019 046 109 173 000 000 077 195 000 016 139 049 002 017
0921 000 000 013 033 086 213 000 000 067 167 000 028 152 041 000 002
0922 000 000 018 041 099 237 000 000 076 188 000 034 164 037 000 000
0923 000 000 024 046 123 221 000 000 085 196 000 034 156 030 000 004
0924 000 000 008 039 145 200 000 000 057 180 000 033 147 027 000 011
0925 000 000 000 022 167 200 000 000 039 138 000 025 129 026 000 010
0926 000 000 000 016 164 235 000 000 039 126 000 011 120 021 000 005
0927 000 000 000 006 149 255 000 000 043 097 000 011 123 017 000 002
0928 000 000 000 000 136 254 000 000 041 069 000 002 121 012 000 000
0929 000 000 000 000 120 236 000 000 038 053 000 000 120 014 000 000
0930 000 000 000 000 131 241 000 000 045 059 000 000 113 016 009 000
0931 000 000 000 000 157 255 000 000 028 083 000 016 103 032 000 006
0932 000 000 000 000 183 255 000 000 035 076 000 011 100 039 000 008
0933 000 000 000 000 205 255 000 000 020 037 000 017 092 045 000 000
0934 000 000 000 000 172 249 000 000 040 042 000 003 087 047 000 000
0935 000 000 001 002 118 192 004 000 047 035 000 009 074 043 000 000
0936 000 000 003 000 100 135 000 000 050 026 000 003 053 040 000 000
0937 000 000 000 000 097 105 000 000 041 060 000 013 038 037 000 023
0938 000 000 000 000 080 130 000 000 033 055 000 015 033 037 000 036
0939 000 000 000 000 054 152 000 000 016 038 000 019 033 029 000 019
0940 000 000 000 000 071 149 000 000 018 047 000 016 038 020 000 000
0941 000 000 000 000 113 158 000 000 042 052 000 011 053 017 000 000
0942 000 000 000 000 135 187 000 000 030 038 000 004 072 029 000 011
0943 000 000 000 000 171 200 000 006 013 048 000 003 090 059 021 013
0944 000 000 000 000 207 187 000 000 020 038 000 000 084 077 000 007
0945 000 000 000 000 248 181 000 000 034 017 000 000 067 125 009 000
0946 000 000 000 000 233 216 000 000 035 003 000 000 066 133 063 000
0947 000 000 000 000 196 242 000 000 014 007 000 000 070 159 000 000
0948 000 000 000 007 139 242 003 000 014 018 000 002 085 178 002 000
0949 005 000 000 000 131 202 000 000 026 021 000 013 101 157 000 000
0950 000 000 000 000 150 164 000 000 022 051 004 020 114 160 000 003
0951 000 000 000 000 165 176 000 000 041 028 000 024 119 162 000 009
0952 000 000 009 000 166 202 000 000 061 007 000 024 115 134 000 023
0953 000 000 027 000 163 251 000 000 091 023 000 023 119 146 051 025
0954 000 000 033 000 124 255 000 000 101 004 000 037 125 122 000 006
0955 000 000 015 000 082 255 000 000 070 032 000 045 118 139 000 000
0956 000 000 000 000 100 255 000 000 032 066 000 050 101 136 000 000
0957 000 000 000 000 100 225 000 000 039 075 000 049 085 133 000 000
0958 000 000 000 000 104 177 000 000 040 070 000 039 070 130 000 000
0959 000 000 008 000 115 143 000 022 060 052 000 014 053 114 000 000
0960 000 000 000 000 149 143 000 000 031 064 000 000 041 096 033 002
0961 000 000 000 000 169 167 000 000 013 045 000 000 041 078 004 027
0962 000 000 000 000 185 202 000 000 002 030 000 003 047 049 000 054
0963 000 000 000 000 203 207 000 000 038 022 000 015 061 024 000 053
0964 000 000 000 000 198 192 000 002 027 040 000 017 077 006 000 056
0965 000 000 000 000 191 200 000 000 008 027 000 008 083 000 000 045
0966 000 000 000 000 196 211 000 000 010 003 000 000 073 000 000 048
0967 000 000 000 000 177 205 000 000 002 030 000 000 069 002 000 023
0968 000 000 000 000 140 206 019 000 005 000 000 000 059 017 000 016
0969 000 000 000 000 076 162 000 000 000 022 000 000 049 034 000 009
0970 000 000 000 000 055 095 000 000 009 051 000 013 041 045 000 008
0971 000 000 000 000 069 103 000 000 019 053 000 028 042 050 003 007
0972 000 000 000 000 095 208 000 000 017 039 000 030 062 048 000 010
0973 000 000 001 000 119 255 000 000 048 043 012 026 100 042 000 025
0974 000 000 012 000 150 255 000 000 067 006 000 020 156 042 000 034
0975 000 000 003 000 152 211 000 000 050 006 000 018 197 038 000 019
0976 000 000 000 000 138 166 000 000 023 010 000 018 208 038 000 006
0977 000 000 000 000 117 144 000 000 026 014 000 014 191 033 000 006
0978 000 000 003 000 127 132 000 000 051 020 000 000 146 027 004 000
0979 000 000 016 000 146 090 000 000 072 000 000 000 107 019 000 020
0980 000 000 017 000 153 051 000 000 074 018 000 010 087 011 000 028
0981 000 000 004 000 137 029 000 000 052 041 000 036 093 007 000 026
0982 000 000 000 000 107 021 000 000 029 079 000 047 097 000 000 028
0983 000 000 000 000 121 045 000 000 014 080 000 049 087 000 005 026
0984 000 000 000 002 162 072 000 000 030 089 000 043 073 000 002 051
0985 000 000 000 000 157 124 000 000 025 057 000 031 063 000 000 046
0986 000 000 000 000 143 151 000 000 011 032 000 018 060 000 000 041
0987 000 000 000 000 122 194 000 000 033 047 000 006 060 000 000 063
0988 000 000 000 000 132 199 000 000 036 051 000 000 054 000 000 049
0989 000 000 000 000 160 182 000 000 035 048 000 003 046 000 000 035
0990 000 000 000 000 152 166 000 000 025 032 000 023 030 000 000 045
0991 000 000 000 000 122 152 000 000 014 031 000 057 014 000 000 054
0992 000 015 000 000 116 127 000 003 010 044 013 084 008 000 000 059
0993 000 027 000 000 100 067 000 000 018 045 000 106 015 000 000 041
0994 000 040 000 000 073 038 000 000 025 016 000 131 024 000 000 029
0995 000 045 000 000 049 017 000 000 033 022 000 145 032 000 000 031
0996 000 052 000 000 033 042 000 000 019 006 000 157 035 000 000 009
0997 000 057 000 000 025 056 000 000 026 015 000 169 031 000 000 000
0998 000 064 000 000 021 061 000 000 026 028 000 176 027 000 000 000
0999 000 070 000 000 026 110 000 000 046 036 000 185 020 000 000 000
1000 000 070 019 000 041 169 000 000 077 009 000 185 022 000 014 000
1001 000 073 013 000 070 207 000 000 067 006 000 196 012 000 000 000
1002 000 084 000 000 099 227 000 000 025 036 000 221 017 000 000 000
1003 000 102 000 000 109 215 000 000 025 030 000 253 022 000 018 009
1004 000 118 000 000 093 185 000 000 018 022 000 255 027 000 049 011
1005 000 124 000 000 094 165 000 000 034 063 000 255 033 000 000 015
1006 000 132 000 000 113 169 000 000 038 056 000 255 037 000 011 023
1007 000 137 000 000 103 185 000 000 014 082 000 255 032 000 002 029
1008 000 140 000 000 100 197 000 000 025 044 000 255 024 000 000 035
1009 000 141 019 000 092 213 000 000 079 010 000 255 008 000 000 035
1010 000 134 043 000 093 217 000 000 118 009 000 255 001 000 041 023
1011 000 131 073 000 096 220 000 000 173 015 000 255 011 000 000 013
1012 000 126 111 000 098 210 000 000 236 027 000 255 026 000 000 009
1013 000 120 153 000 111 182 000 000 255 023 000 255 045 002 000 000
1014 000 130 195 000 115 147 000 000 255 039 000 249 061 025 000 037
1015 000 085 222 000 121 129 005 000 255 045 000 212 072 045 000 006
1016 000 075 238 012 134 116 000 000 255 112 000 195 081 072 000 010
1017 000 064 241 034 137 102 000 000 255 168 000 174 080 086 000 022
1018 000 059 230 050 116 089 000 000 255 210 000 163 068 063 000 035
1019 000 048 199 072 086 076 000 000 255 251 000 144 060 045 000 018
1020 000 037 164 090 061 066 000 000 255 255 000 123 076 061 000 008
1021 000 031 153 089 051 057 000 000 255 255 000 111 099 069 000 011
1022 000 021 152 080 031 041 000 000 255 255 000 093 145 065 000 004
1023 000 012 144 071 014 010 000 000 255 255 000 076 172 075 000 000
1024 000 005 124 073 007 000 000 000 255 252 000 063 181 091 012 000
1025 000 000 120 074 011 000 000 000 250 253 000 035 180 082 000 002
1026 000 000 127 079 018 000 000 000 255 255 000 001 158 086 000 014
1027 000 000 151 090 001 000 000 000 255 255 000 000 126 094 000 015
1028 000 000 164 091 000 000 000 000 255 255 000 001 103 099 000 015
1029 000 000 147 052 000 004 000 000 255 208 000 000 082 100 000 025
1030 000 000 125 018 001 004 000 000 254 127 000 000 054 074 000 031
1031 000 000 109 026 013 000 000 000 233 143 000 000 042 063 000 011
1032 000 000 097 030 019 000 000 000 217 153 000 000 048 057 000 027
1033 000 000 090 030 009 000 000 000 203 154 000 000 072 055 000 021
1034 000 000 097 040 000 000 022 000 218 176 000 001 121 053 048 015
1035 000 000 100 040 000 000 000 000 221 179 000 006 158 040 000 003
1036 000 000 108 029 000 000 000 000 234 151 000 000 186 027 000 000
1037 000 000 136 024 000 000 011 000 255 146 000 000 167 022 000 002
1038 000 000 159 036 000 000 000 000 255 175 000 000 127 011 000 001
1039 000 000 189 056 000 000 000 000 255 221 000 000 129 006 000 009
1040 000 000 188 064 016 000 000 000 255 232 000 000 163 000 000 015
1041 000 000 177 043 025 000 000 000 255 181 000 000 198 001 011 013
1042 000 000 177 022 021 000 000 000 255 133 000 000 217 000 000 009
