0000 29-08-03 13:00:27 +23C   257   325   16   5 яно2 
0001 000 000 175 012 000 000 000 000 255 112 000 000 233 173 002 023
0002 000 000 159 010 010 000 000 000 255 108 000 000 222 173 010 034
0003 000 000 139 025 048 000 000 000 255 145 000 000 230 175 018 018
0004 000 000 130 054 061 000 000 000 255 216 000 001 237 185 052 022
0005 000 000 110 054 057 000 000 000 236 207 003 004 239 205 043 020
0006 000 000 106 037 050 006 000 000 228 166 009 000 236 236 034 015
0007 000 000 101 015 063 001 000 000 220 113 014 000 225 255 000 016
0008 000 000 063 008 091 000 003 000 155 102 026 020 207 255 018 035
0009 000 000 044 012 107 000 000 000 124 113 034 000 192 255 002 020
0010 000 000 039 017 127 010 000 000 113 120 035 000 176 255 004 000
0011 000 000 044 004 130 008 000 000 125 092 029 000 175 255 003 014
0012 000 002 073 000 101 000 000 000 170 042 016 003 178 255 025 000
0013 000 000 092 000 091 003 000 000 209 072 001 025 187 255 039 023
0014 000 000 102 001 098 000 000 000 224 083 000 025 187 255 028 013
0015 000 000 103 000 107 003 000 000 221 028 000 021 183 255 000 010
0016 000 000 086 000 111 000 000 000 195 003 000 025 176 255 021 010
0017 000 000 065 000 120 000 000 000 156 001 000 019 184 255 010 012
0018 000 000 054 000 133 000 000 000 137 023 000 004 202 255 014 003
0019 000 000 035 000 218 000 000 000 105 019 000 000 206 255 030 008
0020 000 000 015 000 251 062 000 000 071 040 000 000 206 255 040 001
0021 000 000 004 000 229 112 000 000 051 044 000 000 203 240 045 000
0022 000 000 000 000 170 120 004 000 036 021 000 000 209 233 056 008
0023 000 000 000 000 140 128 003 000 030 027 000 011 217 228 055 013
0024 000 000 000 000 112 150 000 000 012 036 000 024 223 236 038 037
0025 000 000 000 000 079 165 000 000 002 029 000 032 217 255 032 035
0026 000 000 000 000 048 168 000 000 005 014 004 029 210 255 023 036
0027 000 000 000 000 030 156 000 000 005 006 009 015 197 255 017 028
0028 000 000 000 000 020 132 000 000 000 000 004 001 184 255 008 035
0029 000 000 000 000 019 111 000 000 019 000 000 024 167 255 001 037
0030 000 000 000 000 026 107 013 000 031 020 000 034 151 255 029 023
0031 000 000 000 000 037 106 000 000 027 030 000 021 144 255 033 020
0032 000 000 000 000 045 110 000 000 002 010 000 002 146 255 037 007
0033 000 000 000 000 035 109 000 000 014 018 000 005 159 255 032 024
0034 000 000 000 000 016 122 000 000 029 013 000 019 170 255 008 040
0035 000 000 000 000 008 139 000 003 027 000 000 028 172 255 048 060
0036 000 000 000 000 002 167 000 025 025 000 000 010 155 255 023 099
0037 000 000 000 000 000 217 000 027 025 011 000 001 131 255 024 100
0038 000 000 000 000 000 255 000 008 028 000 000 000 116 255 069 067
0039 000 000 000 000 004 255 000 000 025 000 000 000 115 255 012 053
0040 000 000 000 000 007 255 000 002 019 003 000 001 120 255 000 058
0041 000 000 000 000 003 244 000 000 016 001 000 021 126 255 017 046
0042 000 000 000 000 007 233 000 000 011 016 004 015 130 255 027 026
0043 000 000 000 000 011 231 000 000 007 000 006 002 136 255 031 029
0044 000 000 000 000 013 235 000 000 000 003 004 000 156 255 028 035
0045 000 000 000 000 007 250 000 000 006 003 000 000 182 255 030 050
0046 000 000 000 000 000 255 000 000 015 000 000 003 205 255 054 030
0047 008 000 000 000 000 255 000 000 015 001 000 018 215 255 042 016
0048 000 000 000 000 000 255 000 000 019 000 000 000 209 255 021 006
0049 000 000 000 000 000 255 000 000 015 010 000 000 203 255 036 014
0050 000 000 000 000 006 245 000 000 011 000 000 001 207 255 006 029
0051 000 000 000 000 022 190 000 000 030 000 004 000 177 255 023 005
0052 000 000 000 000 034 126 000 000 022 000 005 000 136 255 003 012
0053 000 000 000 000 034 109 000 000 023 008 009 000 115 255 013 023
0054 000 000 000 000 031 121 000 000 017 024 012 000 111 255 017 032
0055 000 000 000 000 025 149 000 000 008 026 010 000 111 255 037 047
0056 000 000 000 000 008 181 000 007 007 033 000 027 131 255 049 067
0057 000 000 000 000 000 185 000 007 005 052 000 034 152 255 044 066
0058 000 000 000 000 003 186 000 004 003 038 000 040 179 255 046 059
0059 000 000 000 000 008 196 000 002 003 040 000 036 180 255 032 058
0060 000 000 000 000 004 226 000 000 007 044 000 023 158 226 021 050
0061 000 000 000 000 004 217 000 000 007 030 000 000 126 177 009 037
0062 000 000 000 000 016 185 000 003 016 048 000 000 095 140 023 057
0063 000 000 000 000 021 151 000 000 031 053 000 003 059 110 000 051
0064 000 000 000 000 016 124 000 000 040 049 015 008 066 081 000 042
0065 000 000 000 000 005 112 000 000 034 039 033 000 056 054 006 026
0066 000 000 000 000 000 089 000 000 080 017 045 000 087 032 025 047
0067 000 000 000 000 000 094 000 001 036 000 056 019 110 017 000 054
0068 000 000 000 000 000 108 000 000 038 012 057 009 119 008 000 051
0069 007 000 000 000 000 122 000 000 026 016 070 001 130 000 000 028
0070 004 000 000 000 000 106 000 000 030 025 063 014 135 000 007 015
0071 004 000 000 000 000 085 000 000 033 022 065 022 129 000 007 005
0072 027 000 000 000 000 077 000 000 025 000 108 012 093 001 000 000
0073 037 000 000 000 000 056 000 000 018 009 130 011 035 004 000 000
0074 044 000 000 000 000 023 000 000 014 025 144 010 015 006 000 009
0075 047 000 000 000 000 067 000 000 016 034 147 013 015 000 000 012
0076 044 000 000 000 000 132 000 000 000 018 139 015 022 000 000 004
0077 040 000 000 000 000 165 000 000 000 000 132 023 028 000 000 006
0078 041 000 000 000 001 166 000 000 008 015 133 024 032 000 000 016
0079 043 000 002 000 000 161 000 000 052 010 133 026 041 000 000 020
0080 043 000 037 000 001 166 000 000 112 008 134 028 056 000 003 000
0081 046 000 061 000 001 162 000 000 157 010 139 020 068 000 000 000
0082 045 000 102 000 000 147 000 000 225 000 136 022 057 000 000 000
0083 038 000 131 000 000 124 000 000 255 000 124 019 036 000 000 001
0084 026 000 154 000 000 091 000 000 255 000 102 018 020 000 000 000
0085 020 000 165 000 000 065 000 000 255 000 093 012 008 000 000 000
0086 013 000 170 000 000 054 000 000 255 000 078 011 000 000 000 009
0087 008 000 164 000 000 046 000 000 255 000 069 016 000 000 000 000
0088 001 000 139 000 000 045 000 000 255 011 055 018 000 000 000 010
0089 000 002 106 000 000 045 000 000 224 026 040 019 000 000 000 021
0090 000 000 047 000 000 039 000 000 125 039 032 021 000 000 000 012
0091 000 000 027 000 000 032 000 000 093 041 025 009 000 000 000 000
0092 000 000 017 000 000 028 000 000 076 048 019 000 000 000 000 000
0093 000 000 008 000 000 025 000 000 061 053 027 000 000 000 000 000
0094 000 000 000 005 000 028 000 000 036 097 020 000 000 000 038 000
0095 000 000 004 009 000 035 000 000 054 106 032 000 000 000 000 000
0096 000 000 017 002 000 030 000 000 074 093 046 000 000 000 000 000
0097 000 000 030 000 000 015 000 000 096 070 055 005 000 000 000 000
0098 005 000 037 000 000 015 000 000 108 059 064 000 000 010 007 000
0099 004 000 044 000 000 008 000 000 120 026 060 000 000 016 000 049
0100 000 000 024 000 000 000 000 000 085 009 040 000 002 006 000 000
0101 000 000 039 000 000 000 000 000 114 032 036 000 000 008 010 000
0102 000 000 036 000 000 000 000 000 110 035 033 000 000 006 000 000
0103 000 000 040 000 000 000 000 000 116 004 033 000 000 005 000 000
0104 000 000 052 000 003 000 000 000 137 001 027 001 000 006 000 000
0105 000 000 042 000 001 000 000 000 116 000 024 006 000 006 043 000
0106 000 000 049 000 000 000 000 000 130 007 030 003 000 008 000 000
0107 000 000 048 000 000 000 000 000 126 003 031 000 000 006 000 001
0108 000 000 034 000 000 000 000 000 108 000 028 007 003 007 000 014
0109 000 000 031 000 000 000 000 000 100 012 025 006 004 015 000 009
0110 000 000 016 000 005 000 000 000 073 004 011 000 005 022 000 000
0111 000 000 000 000 003 000 000 000 024 000 002 000 001 029 000 000
0112 000 000 000 000 004 000 000 000 028 002 000 000 000 045 000 008
0113 000 000 000 000 018 000 000 000 024 020 000 000 000 058 000 001
0114 000 000 019 000 040 000 000 000 094 089 000 011 000 068 013 003
0115 000 000 051 000 043 000 000 000 136 037 000 021 000 064 005 012
0116 000 000 069 000 026 000 000 000 165 029 000 028 002 062 000 001
0117 000 000 067 000 015 000 000 000 162 007 000 016 004 053 000 000
0118 000 000 041 000 001 000 000 000 113 014 000 000 011 036 000 000
0119 000 000 010 000 003 000 000 000 061 033 000 002 031 022 000 001
0120 000 000 000 000 038 023 000 000 023 055 000 000 044 005 000 012
0121 000 000 000 000 064 069 000 000 021 034 000 000 048 007 004 013
0122 000 000 000 000 071 094 000 000 022 028 000 000 037 018 009 031
0123 000 000 000 000 068 108 000 000 023 018 000 000 024 040 000 027
0124 000 000 000 000 072 086 000 000 014 044 000 000 018 069 000 025
0125 000 000 000 000 064 056 000 000 014 060 000 003 026 093 000 027
0126 000 000 000 000 060 034 000 000 017 051 000 017 039 109 000 020
0127 000 000 000 000 062 025 006 000 002 039 000 017 050 122 000 015
0128 000 002 000 000 055 054 000 000 007 011 000 007 064 147 000 032
0129 000 000 000 000 052 080 000 000 010 000 000 000 081 175 000 042
0130 000 000 000 000 054 093 000 004 010 000 000 000 096 167 000 064
0131 000 000 000 000 051 094 006 000 012 000 000 003 107 152 004 046
0132 000 000 000 000 048 093 000 000 015 000 000 010 114 163 000 041
0133 000 000 000 000 047 084 000 000 016 000 000 010 115 158 004 049
0134 000 000 000 000 041 070 000 001 012 000 000 009 106 168 000 056
0135 000 000 000 000 026 054 000 004 026 005 000 007 088 182 007 060
0136 000 000 000 000 026 070 000 000 027 000 000 004 065 176 000 035
0137 000 000 000 000 058 100 000 000 006 000 000 000 058 182 000 023
0138 000 000 000 000 092 116 000 000 012 017 032 000 068 170 000 026
0139 000 000 000 000 117 112 000 000 025 032 000 000 084 159 000 033
0140 000 000 000 000 123 089 000 000 025 035 000 000 097 149 005 028
0141 000 000 000 000 117 071 000 000 027 032 000 000 100 137 000 021
0142 000 000 000 000 098 048 000 000 011 009 000 000 096 133 000 003
0143 000 000 000 000 080 033 000 000 013 035 000 000 085 132 000 009
0144 000 000 000 000 092 032 000 000 019 018 000 000 074 126 000 005
0145 000 000 000 000 066 037 000 000 015 026 000 000 059 130 000 003
0146 000 000 000 000 049 057 000 000 015 050 000 000 039 135 003 015
0147 000 000 000 000 057 072 000 000 009 043 000 000 020 132 000 018
0148 000 000 000 000 105 059 000 000 006 059 000 000 013 133 000 024
0149 000 000 000 000 116 043 000 000 006 045 000 000 022 135 016 023
0150 000 000 000 000 095 058 000 000 005 059 000 000 034 133 000 006
0151 000 000 000 000 073 076 000 000 001 049 000 000 045 135 006 015
0152 000 000 000 000 049 084 000 000 004 040 000 000 061 121 038 000
0153 000 000 000 000 045 071 000 000 001 042 000 000 075 112 011 000
0154 000 000 000 000 051 035 000 000 007 018 000 000 079 102 011 004
0155 000 000 000 000 060 000 000 000 004 000 000 000 078 084 000 014
0156 000 000 000 000 089 000 000 000 009 000 000 000 081 059 000 025
0157 000 000 000 000 124 000 000 000 010 000 000 000 087 045 000 025
0158 000 000 000 000 136 000 000 000 012 000 000 002 097 046 000 007
0159 000 000 000 000 149 007 000 000 028 000 000 007 103 055 000 014
0160 000 000 000 000 137 006 000 000 048 023 000 013 113 074 000 022
0161 000 000 004 000 110 006 000 000 052 001 000 017 117 094 063 024
0162 000 000 000 000 110 014 000 000 016 004 000 005 114 105 001 017
0163 000 000 000 000 129 012 000 000 020 025 000 000 105 112 000 023
0164 000 000 002 000 147 025 000 000 050 044 000 006 101 110 000 015
0165 000 000 015 000 164 030 000 000 072 049 000 000 104 102 006 020
0166 000 000 031 000 159 042 000 000 099 013 000 000 101 096 000 041
0167 000 000 034 000 166 040 000 000 102 004 000 000 091 085 000 047
0168 000 000 026 000 193 039 000 000 089 059 000 000 084 074 000 035
0169 000 000 002 000 206 040 000 000 045 073 000 000 090 071 004 038
0170 000 000 000 000 203 046 000 000 022 018 000 000 102 066 063 026
0171 000 000 000 000 182 053 000 000 018 038 000 000 109 057 000 022
0172 000 000 000 000 116 057 000 000 026 085 000 000 114 035 000 023
0173 000 000 000 001 084 057 000 000 020 098 000 000 109 021 003 021
0174 000 000 000 000 066 030 000 000 007 080 000 000 098 011 000 016
0175 000 000 000 000 053 024 000 000 040 051 000 000 092 002 000 001
0176 000 000 000 000 065 049 000 000 043 048 000 000 089 000 000 000
0177 000 000 003 000 083 083 000 000 053 030 000 000 090 000 000 028
0178 000 000 011 000 109 099 000 007 078 069 000 018 083 000 000 067
0179 000 000 016 013 113 102 000 016 073 113 000 028 079 000 000 081
0180 000 000 012 005 079 097 000 006 067 094 000 012 077 000 000 063
0181 000 000 000 000 036 116 000 000 036 047 000 000 075 000 000 031
0182 000 000 000 060 040 153 000 000 013 026 000 000 074 000 000 013
0183 000 000 000 000 062 216 000 000 047 034 000 000 070 000 000 032
0184 000 000 000 000 049 227 000 000 011 112 000 000 062 000 000 008
0185 000 000 000 000 023 215 000 000 035 110 000 001 060 000 000 003
0186 000 000 001 000 022 180 000 000 047 070 000 000 045 000 000 000
0187 000 000 009 000 022 151 000 000 059 019 000 000 021 000 004 000
0188 000 000 000 000 025 114 000 000 028 008 000 000 002 000 000 000
0189 000 000 000 000 030 089 000 000 021 029 000 000 000 000 000 000
0190 000 000 000 000 066 051 000 000 033 053 000 000 006 000 000 000
0191 000 000 000 000 096 013 000 000 027 063 000 000 029 000 000 000
0192 000 000 000 000 074 038 000 000 002 048 000 000 039 000 000 000
0193 000 000 000 000 029 082 000 000 016 032 000 000 030 000 022 000
0194 000 000 000 000 037 107 000 000 019 034 000 000 010 000 020 000
0195 000 000 000 000 049 114 000 000 000 042 000 000 000 000 000 011
0196 000 000 000 000 034 114 000 000 010 046 000 003 000 000 000 000
0197 000 000 000 000 022 096 000 000 026 044 000 000 000 000 000 000
0198 000 000 000 000 057 041 000 000 027 020 006 000 000 000 000 000
0199 000 000 000 000 083 011 000 000 018 034 012 000 000 000 000 000
0200 000 000 000 000 107 007 000 000 013 025 024 000 000 000 006 000
0201 000 000 000 000 113 005 000 000 003 013 032 000 000 000 000 000
0202 000 000 002 000 101 028 000 000 005 040 041 000 000 000 011 002
0203 000 000 000 000 076 063 000 000 012 055 042 000 000 000 023 000
0204 000 000 000 000 031 055 000 000 026 031 049 000 000 000 010 000
0205 000 000 000 000 025 031 000 000 035 042 044 002 000 000 000 000
0206 000 000 004 000 008 012 000 000 052 102 046 004 000 000 018 002
0207 000 000 001 000 052 027 000 000 048 078 054 000 000 001 009 068
0208 002 000 000 000 069 064 000 000 038 057 059 000 000 020 003 002
0209 000 000 000 015 057 090 000 000 038 125 057 021 000 028 012 000
0210 000 000 002 023 062 104 000 000 050 152 056 000 000 034 041 000
0211 000 000 010 000 091 116 000 000 064 065 050 000 000 030 033 002
0212 000 000 007 000 125 107 000 000 057 072 038 000 005 018 006 000
0213 000 000 000 000 134 078 000 000 043 046 027 000 009 015 000 000
0214 000 000 000 000 098 048 000 000 024 043 018 000 012 016 000 001
0215 000 000 000 011 071 035 000 000 026 113 015 000 023 022 007 000
0216 000 000 000 021 068 046 000 000 020 132 008 000 033 028 000 013
0217 000 000 000 000 059 057 000 000 033 079 000 000 041 025 000 009
0218 000 000 008 000 067 057 000 000 061 071 000 025 043 023 000 019
0219 000 000 010 000 064 064 000 000 062 027 000 000 046 017 009 000
0220 000 000 000 000 061 068 000 000 033 004 000 000 037 013 012 000
0221 000 000 000 000 061 072 000 000 035 017 000 000 001 009 000 009
0222 000 000 000 000 058 063 000 000 025 035 000 000 000 013 000 013
0223 000 000 000 000 071 048 000 000 010 011 000 000 003 013 000 000
0224 000 000 000 000 060 058 000 000 021 021 000 000 022 013 000 000
0225 000 000 000 000 017 079 000 000 019 025 000 000 046 007 000 015
0226 000 000 000 000 054 097 000 000 022 020 000 000 071 000 000 000
0227 000 000 000 000 034 094 000 000 044 037 000 000 084 000 000 000
0228 000 000 000 000 043 074 000 000 035 052 000 000 081 000 006 001
0229 000 000 000 000 059 056 000 000 024 086 000 000 068 007 000 002
0230 000 000 000 011 046 027 000 000 029 113 000 008 060 014 007 014
0231 000 000 000 039 008 007 000 000 031 176 000 013 069 026 005 000
0232 000 000 000 052 051 000 000 000 043 208 000 011 084 047 045 000
0233 000 000 000 059 119 000 000 000 030 226 000 004 107 062 000 010
0234 000 000 000 056 138 000 000 000 015 225 000 004 124 080 001 013
0235 000 000 000 052 103 000 000 000 027 228 000 000 127 085 004 023
0236 000 000 000 043 041 008 000 000 065 251 000 000 119 088 000 016
0237 000 000 000 055 046 023 000 000 056 255 000 000 095 083 000 019
0238 000 000 000 057 023 032 000 000 050 255 000 000 067 076 000 009
0239 000 000 000 068 036 047 000 000 049 255 000 000 041 084 064 011
0240 000 000 000 086 044 060 000 000 051 255 000 000 028 101 012 011
0241 000 000 000 080 038 060 000 000 027 255 000 000 036 134 020 011
0242 000 000 000 073 004 069 000 000 037 255 000 000 065 138 019 021
0243 000 000 014 075 019 078 000 000 072 255 000 000 102 141 009 006
0244 000 000 021 086 024 071 000 000 082 255 000 000 112 156 018 029
0245 000 000 021 103 013 061 000 001 083 255 000 003 116 166 013 055
0246 000 000 009 124 018 051 000 005 073 255 000 000 114 169 013 062
0247 000 000 000 141 023 054 000 002 040 255 000 014 108 171 000 055
0248 000 000 002 153 033 046 000 000 050 255 000 002 097 155 008 052
0249 000 000 003 161 013 033 000 000 051 255 000 000 091 150 003 033
0250 000 000 007 164 000 028 000 000 058 255 000 011 090 152 000 023
0251 000 000 000 172 001 028 000 000 051 255 000 002 082 132 007 034
0252 000 000 000 169 000 029 000 000 039 255 000 000 066 118 000 023
0253 000 000 000 170 000 029 008 000 043 255 000 000 048 111 000 033
0254 000 000 000 162 005 028 000 000 044 255 000 000 025 103 000 023
0255 000 000 000 147 006 029 000 000 020 255 000 000 027 117 001 020
0256 000 000 000 148 000 026 000 000 028 255 000 000 039 103 000 014
0257 000 000 000 138 000 008 000 000 022 255 000 000 049 089 003 009
0258 000 000 000 124 001 000 000 000 018 255 000 000 048 063 000 016
0259 000 000 000 106 027 011 000 000 010 255 000 000 043 034 000 028
0260 000 000 006 079 000 012 000 000 059 255 033 000 042 016 000 029
0261 000 000 020 044 000 002 000 000 079 255 000 030 000 000 007 035
0262 011 000 000 045 010 000 070 000 000 000 000 082 000 000 036 043
0263 004 000 000 054 016 046 121 000 000 007 000 115 000 000 053 059
0264 022 000 000 058 020 000 152 000 000 000 000 000 000 000 000 000
0265 000 000 000 000 000 000 000 000 000 000 000 000 000 000 000 000
0266 000 000 000 000 000 000 000 000 000 000 000 000 000 000 000 000
0267 000 000 000 000 000 000 000 000 000 000 000 000 000 000 000 000
0268 000 000 009 000 130 000 000 071 060 000 000 000 063 019 000 185
0269 000 000 000 000 083 000 000 063 023 000 000 000 072 021 003 173
0270 000 000 000 000 041 000 000 062 020 000 000 000 071 012 000 166
0271 000 000 000 000 038 000 000 066 028 000 000 000 063 002 007 175
0272 000 000 000 000 021 008 000 072 026 000 000 000 049 000 018 185
0273 000 000 000 000 057 018 000 078 041 000 000 000 027 000 008 198
0274 000 000 010 000 063 022 000 084 061 000 000 000 016 000 000 203
0275 000 000 000 000 031 032 000 078 042 000 000 000 017 000 000 195
0276 000 000 000 000 008 066 000 065 024 000 000 004 027 000 000 171
0277 000 000 000 000 010 088 000 050 017 008 000 005 032 000 000 142
0278 000 000 000 000 002 114 000 013 016 035 000 000 034 000 000 078
0279 000 000 000 000 026 135 000 000 001 041 000 000 028 000 000 038
0280 000 000 000 000 006 157 000 000 008 031 000 000 008 000 000 018
0281 000 000 000 000 000 174 000 000 031 023 000 000 000 000 000 025
0282 000 000 010 000 018 203 000 000 062 037 000 000 000 000 000 033
0283 000 000 000 000 038 221 000 002 027 020 000 000 000 000 000 074
0284 000 000 000 000 050 229 000 017 032 015 000 000 007 000 000 085
0285 000 000 000 000 058 207 000 016 018 023 000 000 025 000 000 082
0286 000 000 000 000 055 165 000 004 008 033 000 000 028 000 000 061
0287 000 000 000 000 052 138 000 000 011 033 000 000 030 000 000 043
0288 000 000 000 000 049 136 000 000 004 028 000 000 030 000 000 023
0289 000 000 000 000 038 141 000 000 017 024 000 000 024 000 000 017
0290 000 000 000 000 031 141 000 000 034 052 000 003 023 000 000 043
0291 000 000 000 000 029 135 000 000 057 072 000 002 021 000 000 043
0292 000 000 000 000 013 122 000 000 046 056 000 000 022 000 000 038
0293 000 000 000 000 031 109 000 000 015 062 000 000 031 000 000 047
0294 000 000 000 000 036 097 000 000 020 036 000 000 040 000 000 046
0295 000 000 000 000 055 089 000 000 041 019 000 000 046 000 000 015
0296 000 000 000 000 044 083 000 000 040 006 000 001 048 000 000 001
0297 000 000 000 000 029 073 000 000 030 010 000 000 047 000 004 000
0298 000 000 000 000 028 058 000 000 047 027 000 000 045 000 000 000
0299 000 000 000 003 023 048 019 000 020 013 000 000 046 000 000 000
0300 000 000 000 000 020 037 000 000 018 045 000 000 048 000 000 000
0301 000 000 000 000 008 030 000 000 023 035 000 009 047 000 007 006
0302 000 000 000 000 021 041 000 000 023 018 000 008 043 000 000 014
0303 000 000 000 000 050 065 000 000 029 019 000 000 045 000 000 012
0304 000 000 000 000 078 083 000 000 024 037 000 000 048 000 000 008
0305 000 000 000 000 089 098 000 000 013 050 000 000 043 000 000 003
0306 000 000 000 000 078 126 000 000 038 078 000 000 034 000 000 006
0307 000 000 002 000 056 137 000 000 050 066 000 000 028 000 000 002
0308 000 000 000 000 083 137 000 000 034 033 000 000 025 000 000 003
0309 000 000 010 000 037 121 000 000 064 030 000 000 022 000 000 002
0310 000 000 027 000 069 103 000 000 094 024 000 000 017 000 000 000
0311 000 000 044 000 103 094 000 000 123 013 000 000 011 000 000 000
0312 000 000 071 000 126 098 000 000 169 002 000 000 013 000 000 009
0313 000 000 142 000 128 108 000 000 255 000 000 000 016 000 000 001
0314 000 000 214 000 122 097 000 000 255 010 000 000 016 000 005 000
0315 000 000 255 000 100 072 000 000 255 007 000 000 020 000 000 001
0316 000 000 255 000 080 048 000 000 255 017 000 000 022 000 004 008
0317 000 000 255 000 063 039 000 000 255 012 000 003 023 000 000 009
0318 000 000 255 000 059 040 000 000 255 036 000 002 035 000 000 000
0319 000 000 255 000 059 042 000 000 255 061 000 000 057 000 000 063
0320 000 000 255 000 062 038 000 000 255 057 001 000 065 000 000 000
0321 000 000 249 000 054 036 006 000 255 041 000 000 068 000 000 018
0322 000 000 219 000 058 031 000 000 255 017 000 010 061 000 006 010
0323 000 000 173 000 075 012 000 000 255 006 000 028 072 000 000 010
0324 000 000 144 000 080 000 000 000 255 023 000 044 072 000 036 013
0325 000 000 152 000 077 000 000 000 255 016 000 048 060 000 063 017
0326 000 000 140 000 102 000 000 000 255 017 000 021 037 000 000 001
0327 000 000 132 000 128 001 000 000 255 018 000 006 025 000 000 004
0328 000 000 118 000 139 011 000 000 247 024 000 021 019 000 000 027
0329 000 000 115 000 150 009 000 000 241 030 000 028 016 000 000 012
0330 000 000 111 000 175 007 000 000 234 051 000 038 009 000 003 009
0331 000 000 084 000 208 000 000 000 192 049 000 052 000 003 004 013
0332 000 001 078 000 232 001 000 000 183 030 000 057 000 014 010 007
0333 000 000 074 000 212 003 000 000 173 046 000 049 000 014 019 018
0334 000 000 071 000 191 010 000 000 166 046 000 042 000 005 015 029
0335 000 000 070 000 198 019 000 000 164 037 000 047 010 005 040 004
0336 000 000 086 000 231 013 000 000 194 022 000 049 026 000 031 000
0337 000 012 112 000 224 011 000 000 236 018 000 080 038 000 018 000
0338 000 026 124 000 191 012 000 000 251 020 000 109 011 000 006 015
0339 000 034 122 000 171 014 000 000 250 025 000 123 010 000 000 022
0340 000 038 119 000 135 013 000 000 246 017 000 132 005 000 000 012
0341 000 020 092 000 103 009 000 000 200 031 000 096 002 000 000 005
0342 000 006 046 000 117 000 000 000 124 022 000 069 000 000 003 004
0343 000 001 010 000 154 000 000 000 063 031 000 055 000 000 000 005
0344 000 000 000 000 164 000 000 000 047 038 000 051 016 000 000 008
0345 000 000 001 000 147 004 000 000 048 023 060 048 029 000 000 000
0346 000 000 000 000 127 023 000 000 038 010 000 054 032 000 000 000
0347 000 014 000 000 121 049 000 000 043 023 000 085 022 000 000 000
0348 000 020 015 000 120 069 000 000 074 029 000 098 000 000 000 008
0349 000 032 011 000 124 074 000 000 107 030 000 120 000 000 000 010
0350 000 047 000 000 110 092 000 000 040 084 000 142 000 000 000 016
0351 000 043 000 000 072 130 000 000 045 000 000 133 000 000 000 017
0352 000 034 009 000 052 146 000 000 061 000 000 117 000 000 003 005
0353 000 015 000 000 059 152 000 000 042 009 000 080 000 000 000 014
0354 000 000 000 000 093 135 000 000 024 001 000 044 000 000 000 008
0355 000 000 000 000 108 114 000 000 021 013 000 048 000 000 000 014
0356 000 000 000 000 114 115 000 000 014 026 000 034 012 000 000 008
0357 000 000 000 000 113 121 000 000 041 040 000 046 026 000 000 002
0358 000 000 000 000 108 123 000 000 014 028 000 048 038 000 000 002
0359 000 000 000 000 070 122 000 000 040 022 000 049 041 000 000 000
0360 000 000 004 000 032 102 000 000 054 017 000 049 033 000 000 003
0361 000 000 006 000 020 089 000 000 106 011 000 038 019 000 000 026
0362 000 000 004 000 025 096 000 000 052 001 000 031 000 000 063 036
0363 000 000 000 000 048 115 000 000 040 019 000 021 000 000 000 033
0364 000 000 000 000 068 125 000 000 042 034 000 018 000 000 000 009
0365 000 000 000 000 074 142 000 000 028 037 000 009 000 000 004 000
0366 000 000 000 000 078 167 000 000 025 016 000 022 007 000 000 000
0367 000 000 000 000 074 181 000 000 044 034 000 029 008 000 000 000
0368 000 000 003 000 070 189 002 000 051 026 000 025 010 000 000 018
0369 000 000 000 000 067 189 000 000 043 014 000 011 007 000 063 034
0370 000 000 000 055 060 173 000 000 039 029 000 000 000 000 000 017
0371 000 000 002 000 051 142 000 000 051 021 000 000 006 013 000 000
0372 000 000 016 000 042 129 000 000 079 014 000 000 019 036 000 000
0373 000 000 009 000 041 118 000 000 063 057 000 000 012 055 000 000
0374 000 000 010 000 058 113 000 000 065 034 000 003 025 070 000 014
0375 000 000 007 000 082 083 000 000 057 035 000 012 034 076 000 026
0376 000 000 000 000 096 055 000 000 035 023 000 002 035 080 000 034
0377 000 000 001 000 107 047 000 001 046 002 000 003 029 071 000 055
0378 000 000 003 000 109 053 000 000 050 024 000 000 019 041 000 049
0379 000 000 000 000 105 064 000 000 037 012 000 000 019 040 000 034
0380 000 000 000 000 101 061 000 000 013 005 012 000 025 019 000 028
0381 000 000 000 000 088 044 000 000 082 010 000 000 033 016 000 064
0382 000 000 000 000 066 039 000 000 045 027 000 001 043 023 000 007
0383 000 000 001 000 034 045 000 000 042 015 000 000 050 031 000 026
0384 000 000 002 000 034 035 000 000 049 007 000 000 058 021 003 009
0385 000 000 002 000 065 002 000 000 048 037 000 000 061 008 000 010
0386 000 000 000 000 079 000 000 000 035 019 000 000 059 000 000 028
0387 000 000 000 000 097 001 000 000 035 026 000 000 058 000 000 029
0388 000 000 000 000 088 015 000 000 022 062 000 007 062 000 000 035
0389 000 000 006 000 060 006 000 000 057 084 000 022 066 000 000 017
0390 000 000 017 000 029 000 000 000 075 095 000 033 064 000 004 007
0391 000 000 003 000 056 000 000 000 051 059 000 026 061 000 000 021
0392 000 000 000 000 079 000 000 000 029 082 000 013 059 000 000 030
0393 000 000 000 001 059 003 000 000 036 095 000 007 064 000 000 027
0394 000 000 000 024 024 004 000 000 020 157 000 007 077 000 000 030
0395 000 000 000 036 018 000 000 000 048 209 000 008 086 000 000 017
0396 000 000 003 060 022 000 000 000 068 255 000 007 096 000 000 005
0397 000 000 000 102 006 012 000 000 048 255 000 015 099 000 000 023
0398 000 000 000 145 022 000 000 000 055 255 000 008 101 000 000 024
0399 000 000 001 184 059 000 000 000 047 255 000 004 103 001 000 040
0400 000 000 000 205 052 000 000 000 046 255 000 005 098 007 000 022
0401 000 000 003 215 033 000 000 000 050 255 000 000 087 009 000 018
0402 000 000 000 230 026 013 000 000 040 255 000 000 065 010 000 015
0403 000 000 002 226 012 000 000 000 055 255 000 000 000 010 000 024
0404 000 000 008 242 000 000 000 000 058 255 000 000 000 009 000 016
0405 000 000 015 255 022 000 000 000 072 255 000 000 000 007 000 024
0406 000 000 014 255 044 004 000 000 070 255 000 000 000 006 000 020
0407 000 000 021 255 056 000 000 000 082 255 000 000 001 006 004 047
0408 000 000 009 255 042 000 000 000 060 255 000 000 002 002 000 015
0409 000 000 000 255 037 000 000 000 046 255 001 000 010 000 014 016
0410 000 000 004 255 004 000 000 000 059 255 008 000 029 000 000 010
0411 000 000 007 255 000 000 000 000 060 255 010 000 041 000 000 006
0412 000 000 006 255 011 000 000 000 056 255 013 000 050 000 000 000
0413 000 000 000 255 010 000 000 000 031 255 020 004 040 000 006 000
0414 000 000 000 255 000 000 000 000 020 255 018 022 015 000 003 000
0415 000 000 000 255 000 000 000 000 040 255 019 035 000 000 000 013
0416 000 000 000 255 000 000 000 000 044 255 017 032 000 000 000 012
0417 000 000 004 255 000 000 000 000 055 255 015 024 000 000 000 014
0418 000 000 000 255 000 000 000 000 039 255 026 025 000 000 000 038
0419 000 000 011 255 000 000 000 000 067 255 019 020 000 000 000 027
0420 000 000 021 255 000 000 000 000 081 255 016 008 000 000 000 000
0421 000 000 023 255 005 000 000 000 088 255 011 002 000 000 000 001
0422 000 000 051 255 000 001 000 000 132 255 017 012 000 000 000 000
0423 000 000 015 255 001 005 000 000 070 255 015 021 000 000 000 000
0424 000 000 013 255 013 001 000 000 067 255 017 031 000 000 000 000
0425 000 000 008 255 000 005 000 000 062 255 012 043 000 000 000 000
0426 000 000 007 255 000 005 000 000 056 255 003 039 000 000 000 014
0427 000 000 000 255 000 003 000 000 044 255 000 026 000 000 000 017
0428 000 000 000 255 000 000 000 000 042 255 000 001 000 000 000 005
0429 000 000 000 255 014 000 000 000 045 255 000 000 000 000 000 000
0430 000 000 022 225 012 000 000 000 084 255 000 000 000 000 000 000
0431 000 000 029 184 000 000 000 000 095 255 000 000 000 000 000 000
0432 000 000 013 145 008 000 000 000 069 255 000 000 000 000 000 000
0433 000 000 003 108 008 000 000 000 049 255 000 000 000 000 000 006
0434 000 000 000 065 008 002 000 000 051 248 000 000 000 000 000 013
0435 000 000 000 027 023 032 000 000 056 171 000 000 000 000 000 017
0436 000 000 002 004 085 054 000 000 047 102 000 000 000 000 000 000
0437 000 000 001 030 148 062 000 000 049 058 000 000 000 000 000 025
0438 000 000 000 000 209 065 000 000 033 072 000 000 000 000 000 000
0439 000 000 000 005 255 051 000 000 035 079 000 000 000 000 000 001
0440 000 000 000 000 255 045 000 000 032 040 000 000 000 000 000 019
0441 000 000 000 000 255 050 000 000 019 038 000 011 000 000 000 044
0442 000 000 000 000 215 061 000 002 013 055 000 031 000 002 000 055
0443 000 000 000 000 199 067 000 000 009 048 000 033 000 007 000 036
0444 000 000 000 000 199 068 000 000 009 034 000 036 000 019 000 022
0445 000 000 000 000 212 061 000 000 000 027 000 041 000 024 030 031
0446 000 000 000 000 221 046 000 000 000 011 000 009 000 020 000 000
0447 000 000 000 000 224 033 000 000 014 024 000 000 000 019 000 000
0448 000 000 000 000 209 024 000 000 030 020 000 000 000 017 000 000
0449 000 000 000 000 173 019 000 000 034 011 000 000 000 013 000 007
0450 000 000 000 000 142 016 000 000 040 000 000 000 000 007 000 009
0451 000 000 000 034 095 016 000 000 032 019 000 003 000 000 000 011
0452 000 000 000 000 088 030 000 000 005 027 000 012 000 000 000 014
0453 000 000 000 000 131 061 000 000 000 037 000 015 000 000 000 013
0454 000 000 000 000 184 111 000 000 005 030 000 008 000 000 000 007
0455 000 000 000 000 180 156 000 000 033 026 000 011 009 000 000 006
0456 000 000 000 000 162 163 000 000 043 012 000 024 011 000 000 010
0457 000 000 000 000 127 145 000 000 026 016 000 026 001 001 000 012
0458 000 000 005 000 090 125 000 000 057 017 000 008 000 005 000 004
0459 000 000 000 000 080 105 000 000 041 010 000 000 000 000 000 001
0460 000 000 000 000 089 098 000 000 000 012 000 000 000 000 000 013
0461 000 000 000 000 095 114 000 000 018 000 000 000 000 000 000 023
0462 000 000 000 000 081 128 000 000 015 000 000 000 004 000 000 020
0463 000 000 000 000 055 121 000 000 019 000 000 000 019 000 002 012
0464 000 000 000 000 033 112 000 000 027 012 000 000 028 000 000 011
0465 000 000 000 000 031 113 000 000 020 000 063 000 036 000 000 001
0466 000 000 000 000 034 124 000 000 013 017 000 001 034 000 000 016
0467 000 000 000 000 039 117 000 000 017 010 000 000 028 000 000 015
0468 000 000 000 000 041 102 023 000 012 002 000 002 009 000 000 000
0469 000 000 000 000 036 096 000 000 020 003 000 016 000 000 000 000
0470 000 000 000 000 023 110 000 000 029 010 000 002 000 000 000 002
0471 000 000 000 000 000 137 000 000 033 013 011 000 000 000 000 000
0472 000 000 000 000 000 135 000 000 018 050 000 000 000 000 003 005
0473 000 000 000 000 023 113 000 000 000 043 000 000 000 000 000 010
0474 000 000 000 000 025 099 000 000 008 023 000 000 002 000 000 008
0475 000 000 000 001 010 099 000 000 001 034 000 000 000 000 000 010
0476 000 000 000 000 000 111 000 000 013 045 000 000 000 000 000 064
0477 000 000 000 000 005 106 000 000 026 040 000 000 000 000 050 000
0478 000 000 000 000 013 098 000 000 016 089 000 000 000 000 000 000
0479 000 000 000 000 034 099 000 000 005 047 000 000 000 000 000 000
0480 000 000 000 000 054 100 000 000 002 069 000 000 000 023 000 013
0481 000 000 000 000 046 118 000 000 016 050 000 000 000 030 000 035
0482 000 000 000 000 014 150 000 000 044 048 000 000 000 032 000 011
0483 000 000 000 000 000 188 000 000 024 047 000 000 000 035 000 017
0484 000 000 000 000 014 210 000 000 015 054 000 000 000 037 002 017
0485 000 000 000 000 027 188 000 000 024 041 000 000 000 033 010 008
0486 000 000 000 000 022 162 000 000 034 043 000 000 000 029 004 001
0487 000 000 000 000 000 151 000 000 043 034 000 021 000 022 000 000
0488 000 000 000 000 015 173 000 000 036 033 000 034 000 016 000 000
0489 000 000 005 000 047 188 000 000 057 040 000 045 000 007 000 000
0490 000 000 019 000 052 185 000 000 080 078 000 052 000 000 000 000
0491 000 000 014 000 056 163 000 000 070 008 000 054 000 000 000 000
0492 000 000 003 000 044 109 000 000 051 034 000 051 000 000 000 007
0493 000 005 013 000 026 066 000 000 069 050 000 066 000 000 000 002
0494 000 013 020 000 025 058 000 000 083 070 000 079 000 000 000 012
0495 000 014 020 000 028 057 000 000 080 077 000 082 000 000 000 009
0496 000 016 025 000 033 059 000 000 088 086 000 086 000 000 000 007
0497 000 019 027 000 028 065 000 000 091 081 000 092 000 000 000 000
0498 000 020 030 000 019 067 000 000 096 040 000 093 000 000 000 008
0499 000 036 037 000 011 045 000 000 108 053 000 124 000 000 000 029
0500 000 062 034 000 006 018 000 000 105 068 000 170 000 000 000 010
0501 000 073 041 003 011 005 000 000 120 094 000 191 000 000 000 000
0502 000 088 048 013 022 010 000 000 128 121 000 218 000 000 000 000
0503 000 092 050 013 039 015 000 000 130 119 000 225 000 000 000 000
0504 000 097 047 000 028 018 000 000 126 067 000 234 000 000 000 009
0505 000 105 052 000 007 006 000 000 134 067 022 250 000 000 000 000
0506 000 105 037 000 039 000 000 000 107 069 000 253 000 000 000 000
0507 000 108 015 005 018 008 000 000 069 097 000 255 000 000 003 000
0508 002 106 000 009 000 048 023 000 038 104 000 255 000 000 002 005
0509 000 088 000 000 023 063 000 000 015 090 000 222 000 000 000 010
0510 000 085 000 015 000 060 000 000 014 161 000 213 000 000 000 019
0511 000 094 000 004 000 057 000 000 022 106 000 229 000 000 000 014
0512 000 096 000 000 005 043 000 000 032 053 000 231 000 000 000 003
0513 000 096 000 000 000 030 000 000 020 052 000 231 000 000 005 000
0514 000 094 000 000 000 038 000 000 021 034 000 229 000 000 000 053
0515 000 100 000 000 000 078 000 000 008 037 000 240 000 000 000 080
0516 000 098 000 000 000 106 000 000 016 069 000 236 000 000 000 022
0517 000 096 000 008 000 125 000 000 025 102 000 231 000 000 000 014
0518 000 089 000 000 000 144 000 000 021 077 000 217 000 000 000 006
0519 000 081 000 000 007 136 000 000 009 068 000 203 000 000 000 007
0520 000 070 000 000 005 105 000 000 014 051 000 184 000 000 000 002
0521 000 055 000 000 000 092 000 000 000 017 000 156 000 000 007 062
0522 000 041 000 000 000 111 000 000 000 065 000 129 000 000 009 022
0523 000 031 000 000 000 120 000 000 000 026 000 110 000 000 020 017
0524 000 024 000 000 001 127 000 000 000 047 000 098 000 000 013 027
0525 000 016 000 000 018 111 000 000 000 040 000 085 000 000 013 004
0526 000 026 000 000 045 097 000 000 000 031 000 108 000 000 021 000
0527 000 021 000 000 036 112 000 000 003 023 000 093 003 000 000 000
0528 000 011 000 000 011 128 000 000 019 029 000 074 009 000 002 013
0529 000 000 000 000 000 137 000 000 002 017 000 054 031 000 000 004
0530 000 000 000 000 012 141 000 000 000 028 000 050 049 000 012 001
0531 000 000 000 000 009 144 000 000 024 038 000 047 054 000 000 000
0532 000 000 000 000 034 139 000 000 029 037 000 047 053 000 000 000
0533 000 000 000 000 052 126 000 000 022 061 000 048 049 000 000 000
0534 000 000 000 000 035 084 000 000 042 046 000 037 043 000 000 001
0535 000 000 003 000 039 068 000 000 050 045 000 021 043 000 000 000
0536 000 000 003 000 041 053 000 000 051 052 000 003 047 000 000 000
0537 000 000 000 000 055 045 000 000 033 035 000 000 047 000 000 000
0538 000 000 000 000 128 032 000 000 013 005 000 000 012 000 005 000
0539 000 000 000 000 170 036 000 000 011 006 000 000 000 000 000 000
0540 000 000 000 000 174 043 000 000 018 046 000 000 000 000 000 000
0541 000 000 000 000 157 079 000 000 018 068 000 000 000 002 017 000
0542 000 000 000 000 125 115 000 000 013 043 000 000 000 008 011 000
0543 000 001 000 000 117 132 000 000 017 033 000 000 005 019 015 000
0544 000 000 000 000 149 139 000 000 022 023 000 008 011 042 000 007
0545 000 000 000 000 176 152 000 000 017 019 000 016 017 072 069 012
0546 000 000 000 000 162 166 000 000 000 031 000 002 029 090 034 017
0547 000 000 000 000 123 184 000 000 000 032 000 003 044 075 028 022
0548 000 000 000 000 070 209 000 000 017 057 000 008 069 061 013 022
0549 000 000 000 000 045 235 000 000 032 040 002 028 082 060 013 032
0550 000 000 000 000 039 244 000 000 026 006 000 049 081 056 000 013
0551 000 000 000 000 057 223 000 000 031 011 000 054 070 056 005 030
0552 000 000 000 000 087 171 000 018 014 009 000 056 050 048 000 001
0553 000 000 000 000 102 137 000 000 009 015 000 046 028 042 000 000
0554 000 000 000 000 115 137 000 000 024 051 000 024 019 036 000 012
0555 000 000 000 000 124 100 000 000 004 076 000 008 027 030 000 004
0556 000 000 000 000 138 055 000 000 005 060 000 010 044 025 000 005
0557 000 000 000 000 162 047 000 000 009 044 000 005 070 022 000 000
0558 000 000 000 000 196 061 000 000 000 040 000 000 108 022 000 000
0559 000 000 000 000 213 088 000 000 017 030 000 002 127 020 010 014
0560 000 000 000 000 214 108 000 000 011 054 000 007 125 017 000 006
0561 000 000 000 000 206 107 000 000 000 040 000 016 110 013 000 018
0562 000 000 000 000 224 089 000 000 000 049 000 004 095 006 000 024
0563 000 000 000 001 251 088 000 000 000 087 000 019 095 000 000 025
0564 000 000 000 000 255 102 000 000 000 071 000 020 105 000 000 000
0565 000 000 000 000 255 117 000 000 013 028 000 019 120 000 000 000
0566 000 000 000 000 255 132 000 000 030 034 000 034 138 000 002 006
0567 000 000 000 000 255 154 000 000 002 071 000 045 151 000 000 008
0568 000 000 000 000 249 173 000 000 007 074 000 039 148 010 000 019
0569 000 000 000 000 226 183 000 000 003 033 000 009 130 043 000 026
0570 000 000 000 000 199 177 000 000 004 008 000 000 126 066 000 029
0571 000 000 000 000 176 171 000 009 018 017 000 000 133 083 000 026
0572 000 000 000 000 176 176 000 000 043 019 000 001 135 086 000 023
0573 000 000 000 000 178 180 000 000 043 032 000 014 130 084 000 021
0574 000 000 000 000 174 176 000 000 041 035 000 039 114 084 003 005
0575 000 000 000 000 141 178 000 000 022 044 000 047 090 082 017 019
0576 000 000 007 000 099 175 000 000 060 042 000 032 063 087 016 025
0577 000 000 028 000 076 173 000 000 095 048 000 000 019 094 010 021
0578 000 000 042 000 084 196 000 000 118 046 000 000 000 092 026 020
0579 000 000 058 000 112 221 000 000 144 025 000 008 000 075 013 005
0580 000 000 052 000 127 237 000 000 134 008 000 017 009 063 019 004
0581 000 000 039 000 126 232 000 004 112 019 000 006 033 049 000 000
0582 000 000 033 000 104 205 000 000 101 046 000 000 048 043 002 013
0583 000 000 030 004 092 171 000 000 096 042 000 000 050 036 004 033
0584 000 000 035 000 098 152 000 000 107 042 000 001 045 028 003 000
0585 000 000 049 000 108 167 000 000 129 034 000 031 037 025 063 000
0586 000 000 055 000 126 180 000 000 140 051 000 043 029 022 000 000
0587 000 000 054 000 134 181 000 000 137 064 000 039 022 022 000 000
0588 000 000 050 001 142 183 000 000 133 092 000 027 016 021 000 000
0589 000 000 049 013 135 202 000 000 129 114 000 017 012 016 000 038
0590 000 000 041 015 101 188 000 000 115 120 000 011 007 008 000 008
0591 000 000 039 008 066 151 000 000 111 110 001 002 007 001 000 011
0592 000 000 035 012 078 136 036 000 105 113 000 000 017 005 000 032
0593 000 000 037 014 101 138 000 000 108 116 000 001 021 015 000 040
0594 000 000 020 010 143 129 000 000 080 108 000 020 006 011 000 008
0595 000 000 020 001 159 101 016 000 080 092 001 037 000 001 000 001
0596 000 000 001 006 151 070 000 000 043 102 000 028 000 008 002 034
0597 000 000 000 003 122 047 000 000 021 096 000 008 000 009 000 037
0598 000 000 000 000 092 054 000 000 018 084 000 000 000 009 000 010
0599 000 000 000 000 052 072 000 000 018 097 000 002 000 005 003 023
0600 000 000 000 000 032 099 000 000 018 059 000 021 000 003 004 037
0601 000 000 000 000 025 108 000 000 019 048 000 037 007 003 001 054
0602 000 000 000 000 030 104 005 002 017 040 000 036 022 009 006 055
0603 000 000 000 000 057 105 000 000 016 033 000 022 028 033 068 019
0604 000 000 000 000 100 104 000 000 012 043 000 018 022 061 009 000
0605 000 000 000 000 136 103 000 000 006 038 000 023 011 086 000 000
0606 000 000 019 000 137 095 000 000 016 059 000 006 005 107 003 013
0607 000 000 000 000 109 084 000 000 004 032 000 004 002 112 005 000
0608 000 000 000 000 068 099 000 000 007 016 000 031 000 119 000 009
0609 000 000 000 000 037 088 010 000 002 015 000 053 000 122 026 017
0610 000 011 000 000 013 072 000 000 014 017 000 095 000 116 038 005
0611 000 015 000 000 000 066 000 000 047 018 000 083 004 109 012 010
0612 000 009 014 013 000 063 000 000 071 000 000 083 001 104 014 005
0613 000 000 012 000 000 063 000 000 067 022 000 038 018 098 000 024
0614 000 000 000 000 000 069 000 000 041 050 000 031 028 107 021 035
0615 000 000 000 000 000 094 000 000 026 053 000 033 023 121 020 032
0616 000 000 000 000 000 117 000 000 018 048 000 024 018 133 012 034
0617 000 000 000 000 000 139 000 000 028 025 000 026 007 150 015 047
0618 000 000 000 000 016 128 000 000 036 002 000 042 008 156 028 039
0619 000 000 000 000 040 088 000 000 042 017 000 046 015 156 010 029
0620 000 000 000 000 052 063 000 000 034 018 000 035 022 149 012 025
0621 000 000 000 000 048 065 000 000 034 020 000 019 026 144 014 013
0622 000 000 000 000 024 112 000 000 024 008 000 020 031 150 025 012
0623 000 000 000 000 006 179 000 000 035 020 000 012 028 162 016 025
0624 000 000 000 000 000 197 000 000 035 026 000 013 021 176 006 017
0625 000 000 000 000 005 167 000 000 039 000 000 027 007 177 000 012
0626 000 000 000 000 025 159 000 000 025 007 000 040 000 163 000 005
0627 000 000 000 000 045 170 000 000 027 002 000 058 000 148 000 020
0628 000 000 000 000 057 189 000 000 012 016 000 046 000 129 000 006
0629 000 000 000 000 058 194 000 000 012 025 000 044 002 108 012 010
0630 000 000 000 000 028 187 000 000 013 034 000 029 026 076 015 003
0631 000 000 000 000 000 168 000 000 037 023 000 020 048 050 014 000
0632 000 000 000 000 000 140 000 000 026 032 011 026 042 025 000 012
0633 000 000 000 000 024 110 000 000 010 021 000 058 017 015 020 027
0634 000 000 000 000 054 084 000 000 000 021 000 036 001 021 004 015
0635 000 000 000 000 060 080 000 000 000 020 000 056 002 029 000 002
0636 000 009 000 000 061 078 000 000 000 027 000 072 006 054 000 000
0637 000 000 000 000 052 082 000 000 000 079 000 055 000 091 000 000
0638 000 000 000 000 043 085 000 000 000 080 000 053 000 112 001 000
0639 000 000 000 000 032 105 000 000 007 067 000 046 000 118 000 006
0640 000 000 000 000 013 151 000 000 000 066 000 035 004 136 005 016
0641 000 000 000 000 017 189 000 000 000 047 000 047 018 150 000 020
0642 000 000 000 000 033 186 000 000 021 001 000 039 028 159 000 040
0643 000 000 000 000 036 157 000 000 000 000 000 025 036 175 000 034
0644 000 000 000 000 032 130 000 000 000 000 000 014 038 174 000 023
0645 000 000 000 000 030 120 000 000 000 029 000 003 029 166 000 030
0646 000 000 000 000 017 127 000 000 000 040 000 013 013 156 000 066
0647 000 000 000 000 004 125 000 000 000 035 000 016 001 132 003 042
0648 000 000 000 000 000 101 000 000 000 037 000 019 007 101 000 038
0649 000 000 000 000 000 054 000 000 000 049 000 014 005 062 000 019
0650 000 000 000 000 007 022 000 000 000 058 000 009 038 040 000 000
0651 000 000 000 000 001 000 000 000 000 075 000 033 045 030 014 000
0652 000 000 000 005 001 002 000 000 000 095 000 043 033 024 000 000
0653 000 000 000 016 000 011 000 000 000 122 000 055 029 027 000 000
0654 000 002 000 031 000 017 063 000 000 158 000 059 024 045 000 000
0655 000 000 000 062 000 016 000 000 000 233 000 047 028 076 012 000
0656 000 000 000 082 000 015 000 000 000 255 000 022 029 095 022 000
0657 000 000 000 087 000 013 000 000 000 255 000 002 014 091 016 000
0658 000 000 000 064 000 030 000 000 000 234 000 000 003 086 006 000
0659 000 000 000 054 000 031 000 000 000 208 000 000 005 078 008 009
0660 000 000 000 051 000 021 000 000 000 203 000 004 012 081 002 013
0661 000 000 000 053 000 008 000 000 000 208 000 005 031 103 029 000
0662 000 000 000 064 026 011 000 000 007 238 000 000 052 138 000 009
0663 000 000 000 074 000 012 000 000 016 255 000 000 070 162 013 031
0664 000 000 000 073 000 018 000 000 018 253 000 000 078 154 015 009
0665 000 000 000 064 000 023 000 000 029 235 000 000 079 145 011 027
0666 000 000 000 026 000 018 000 000 042 139 000 003 081 137 012 042
0667 000 000 001 000 000 022 000 000 048 052 000 008 074 111 022 052
0668 000 000 001 000 000 013 000 008 048 026 000 011 068 084 003 066
0669 000 000 003 000 000 000 000 000 049 021 000 011 064 076 000 047
0670 000 000 000 000 000 000 000 000 045 022 000 001 059 067 004 003
0671 000 000 000 000 000 000 000 000 042 016 000 000 056 058 000 020
0672 000 000 000 000 000 000 000 000 037 043 036 000 048 055 004 015
0673 000 000 000 000 000 000 000 000 036 067 000 000 041 047 000 004
0674 000 000 000 000 000 039 000 000 030 043 000 000 034 053 000 034
0675 000 000 000 000 000 081 000 000 031 018 000 000 036 055 000 024
0676 000 000 000 000 031 108 000 000 033 021 000 000 038 055 000 006
0677 000 000 000 000 074 117 026 000 028 009 000 000 042 055 000 009
0678 000 000 000 000 098 118 000 000 031 009 000 000 036 066 000 031
0679 000 000 000 000 126 118 000 000 035 011 000 000 024 067 000 054
0680 000 000 000 000 098 126 000 000 029 018 000 000 004 075 006 043
0681 000 000 000 000 063 144 000 000 018 020 000 000 000 079 026 026
0682 000 000 000 000 050 152 000 000 016 012 000 000 000 084 011 020
0683 000 000 000 000 059 167 000 000 031 001 000 000 000 090 000 008
0684 000 000 000 000 076 179 000 000 042 016 000 000 000 095 001 001
0685 000 000 004 000 076 190 000 000 052 034 000 000 029 094 012 001
0686 000 000 000 000 070 189 000 000 018 030 000 004 067 098 004 021
0687 000 000 000 000 057 168 000 000 017 007 000 000 081 107 000 034
0688 000 000 000 000 036 147 000 000 028 018 000 002 085 115 053 036
0689 000 000 000 000 028 139 000 000 044 000 000 014 083 113 063 027
0690 000 000 002 000 035 149 000 000 049 000 000 004 079 097 000 049
0691 000 000 000 000 041 168 000 000 044 000 000 000 076 088 000 051
0692 000 000 000 000 036 209 000 000 019 013 002 026 068 079 000 026
0693 000 000 000 000 046 234 000 000 005 035 000 004 069 072 000 031
0694 000 000 000 000 065 241 000 000 008 011 000 000 075 064 000 042
0695 000 000 000 000 084 242 000 000 006 018 000 000 077 065 028 025
0696 000 000 000 000 076 234 000 000 019 040 000 000 077 067 000 040
0697 000 000 000 000 051 201 000 000 025 023 000 000 072 074 000 033
0698 000 000 000 000 034 162 000 000 005 001 000 013 063 080 010 024
0699 000 000 000 000 025 145 000 000 000 017 000 022 058 085 004 034
0700 000 000 000 000 043 124 000 000 000 021 000 020 060 085 000 047
0701 000 000 000 000 049 110 000 000 015 031 000 016 072 080 000 031
0702 000 000 000 000 043 111 000 000 095 012 000 021 088 079 003 028
0703 000 000 000 000 042 116 000 000 036 032 000 019 098 077 049 025
0704 000 000 000 000 038 116 000 000 015 049 000 022 096 075 000 020
0705 000 000 000 000 044 125 000 000 017 044 000 031 095 074 000 008
0706 000 000 000 000 099 164 000 000 024 041 000 039 100 077 000 008
0707 000 000 000 000 121 226 000 000 028 044 000 042 122 081 000 015
0708 000 000 000 000 119 255 000 000 044 036 000 028 141 093 000 017
0709 000 000 000 000 078 255 000 000 019 067 037 016 148 102 000 009
0710 000 000 000 000 038 255 000 000 007 046 000 035 141 111 000 012
0711 000 000 000 000 034 244 000 001 008 025 000 044 124 113 062 055
0712 000 000 000 000 030 206 000 019 017 014 000 038 106 109 000 090
0713 000 000 000 000 041 161 000 021 002 000 000 016 088 095 000 090
0714 000 005 000 000 046 138 000 014 000 001 000 009 065 075 000 078
0715 000 000 000 000 046 132 000 006 000 072 000 026 044 058 000 063
0716 000 000 000 000 051 139 000 000 000 056 000 032 046 053 000 054
0717 000 000 000 000 070 151 000 000 000 031 000 028 068 057 000 037
0718 000 000 000 000 099 166 000 000 001 006 000 012 090 061 000 029
0719 000 000 000 000 113 154 000 000 015 005 000 004 112 067 000 009
0720 000 000 002 000 124 146 000 000 049 012 000 005 122 071 000 022
0721 000 000 018 000 121 139 000 000 086 025 000 011 122 066 000 036
0722 000 000 022 000 100 165 000 000 084 078 000 020 113 052 000 025
0723 000 000 000 006 089 168 000 000 040 098 000 027 101 037 000 008
0724 000 000 000 004 120 147 000 000 012 094 000 011 098 020 000 003
0725 000 000 000 000 169 125 000 000 077 075 000 000 101 001 018 000
0726 000 000 001 000 192 110 000 000 047 047 000 000 108 000 000 000
0727 000 000 002 000 173 100 000 000 050 040 000 000 119 000 056 000
0728 000 000 000 000 187 106 000 000 031 038 000 005 133 000 000 000
0729 000 000 000 000 239 108 000 000 008 051 000 000 155 000 002 000
0730 000 000 000 005 247 078 000 000 017 096 000 000 186 000 000 000
0731 000 000 000 005 220 006 000 000 030 096 000 000 215 000 000 000
0732 000 000 000 000 176 000 000 000 014 059 000 000 226 000 002 000
0733 000 000 000 000 114 061 000 000 014 016 000 000 204 000 000 000
0734 000 000 000 000 048 077 000 000 032 022 000 002 157 000 000 007
0735 000 000 000 000 026 043 000 000 043 017 000 004 116 000 000 011
0736 000 000 001 000 030 019 000 000 047 014 000 000 113 004 000 005
0737 000 000 000 000 047 019 000 000 032 003 000 000 122 009 000 000
0738 000 000 002 000 064 024 000 000 053 012 000 000 131 010 011 000
0739 000 000 008 000 082 043 000 000 061 031 000 003 132 017 000 000
0740 000 000 007 000 104 048 000 000 056 055 000 009 124 028 001 000
0741 000 000 020 000 115 050 000 000 080 045 000 007 107 040 000 008
0742 000 000 027 000 103 060 000 000 091 056 000 008 080 037 000 000
0743 000 000 031 001 073 062 000 000 098 090 000 003 065 037 000 003
0744 000 000 014 000 053 059 000 000 069 086 000 006 071 036 000 004
0745 000 000 000 013 061 065 000 000 041 115 000 006 077 041 000 000
0746 009 000 013 017 082 075 000 000 070 129 000 012 083 055 034 005
0747 000 000 024 010 077 096 000 000 087 106 000 022 083 064 000 026
0748 000 000 025 000 085 116 000 002 089 066 000 023 073 065 000 057
0749 000 000 027 000 117 126 000 000 092 030 000 024 058 064 063 053
0750 000 000 022 000 150 134 000 000 085 033 000 030 047 067 000 029
0751 000 000 024 000 150 150 000 000 090 056 000 034 047 065 063 012
0752 000 000 022 000 128 163 000 000 084 070 000 025 055 058 000 000
0753 000 000 009 000 075 137 000 000 062 052 000 017 066 051 000 000
0754 000 000 002 000 042 096 000 000 048 031 000 021 072 051 000 000
0755 000 000 000 000 008 060 000 000 023 038 000 019 072 043 000 003
0756 000 000 000 000 000 048 000 000 009 022 000 023 069 043 000 000
0757 000 000 000 000 000 048 000 000 013 006 000 024 068 040 029 000
0758 000 000 000 000 006 058 000 000 005 005 000 030 071 045 014 000
0759 000 000 000 000 038 061 000 000 000 072 000 037 074 063 013 039
0760 000 000 000 000 047 071 000 000 000 003 000 052 077 060 000 043
0761 000 000 000 000 065 087 000 000 000 000 000 053 073 067 000 000
0762 000 004 000 000 103 097 000 000 000 001 000 064 073 079 000 003
0763 000 005 000 000 123 095 000 000 000 009 000 065 077 071 000 000
0764 000 004 000 000 105 068 000 000 000 017 000 062 076 065 000 000
0765 000 004 000 000 088 060 000 000 004 021 000 064 061 049 003 000
0766 000 004 000 000 103 065 000 007 013 042 000 062 030 040 004 000
0767 000 000 000 000 112 071 000 000 030 031 000 055 033 037 020 011
0768 000 000 000 000 109 068 000 000 033 020 000 035 054 052 008 007
0769 000 000 000 000 104 055 000 000 038 010 000 012 074 070 002 002
0770 000 000 000 000 093 056 000 000 041 016 000 000 081 084 000 010
0771 000 000 000 000 091 066 000 000 039 029 000 000 077 095 000 026
0772 000 000 000 000 111 059 000 000 035 022 000 010 074 097 000 053
0773 000 000 000 000 110 058 000 000 036 015 000 007 070 077 000 024
0774 000 000 000 000 097 069 000 000 024 021 000 000 066 061 005 047
0775 000 000 000 000 063 041 000 000 013 034 000 005 062 057 000 025
0776 000 000 000 000 030 039 020 000 007 030 000 004 063 062 001 041
0777 000 000 000 014 044 041 000 000 004 032 000 002 074 083 000 028
0778 000 000 000 000 045 072 000 000 001 087 000 025 093 094 000 034
0779 000 000 000 000 036 094 000 000 000 077 000 028 121 110 020 039
0780 000 000 000 000 036 085 000 000 000 033 000 018 148 129 000 028
0781 000 000 000 000 042 073 000 000 000 051 000 010 157 127 000 020
0782 000 000 000 000 049 085 000 000 000 086 000 013 143 117 000 011
0783 000 000 000 005 054 113 000 000 000 096 000 023 120 099 000 012
0784 000 000 000 000 061 135 000 000 008 047 000 027 105 092 007 003
0785 000 000 000 000 068 145 000 000 014 019 000 033 108 086 000 002
0786 000 000 000 000 079 165 000 000 018 000 000 052 118 080 000 019
0787 000 011 000 000 069 178 000 000 016 007 000 079 122 075 025 042
0788 000 022 000 000 045 215 000 002 015 025 000 096 103 078 000 058
0789 000 021 000 000 029 224 000 002 010 010 000 094 075 068 000 057
0790 000 011 000 000 041 218 000 001 006 000 000 075 053 063 000 054
0791 000 006 000 000 071 213 000 000 009 000 000 068 046 063 000 026
0792 000 000 000 000 087 165 000 000 011 028 000 060 047 058 000 011
0793 000 000 000 000 090 118 000 000 019 047 000 056 045 049 000 028
0794 000 000 000 000 097 130 000 000 020 045 000 058 048 039 000 001
0795 000 000 000 000 102 177 000 001 014 007 002 050 048 035 000 000
0796 000 000 000 000 094 199 000 000 013 015 000 043 046 041 000 000
0797 000 000 000 000 090 218 000 000 011 040 000 042 045 040 000 000
0798 000 000 000 000 070 209 000 000 015 031 000 029 041 051 000 000
0799 000 000 000 000 047 174 000 000 018 018 000 014 047 056 000 000
0800 000 000 000 000 044 114 000 000 017 036 000 010 064 060 000 000
0801 000 000 000 000 058 094 000 000 053 009 000 007 086 070 000 000
0802 000 000 000 000 074 103 000 000 000 014 000 008 113 068 000 000
0803 000 000 000 000 086 096 000 000 000 006 000 009 134 075 000 000
0804 000 000 000 000 084 068 000 000 000 007 000 040 146 090 000 000
0805 000 007 000 000 059 052 000 000 000 000 000 067 151 092 000 000
0806 000 018 000 000 056 045 000 000 000 000 000 092 140 106 000 006
0807 000 016 000 000 040 060 000 000 000 000 000 089 127 107 000 000
0808 000 009 000 000 030 097 000 000 000 000 000 074 120 117 000 002
0809 000 000 000 000 039 142 000 000 000 016 000 057 121 147 000 016
0810 000 000 000 020 048 162 000 000 000 042 000 038 126 157 002 022
0811 000 000 000 000 059 183 000 000 000 042 000 000 121 174 013 042
0812 000 000 000 000 060 202 000 007 000 006 000 000 108 172 000 068
0813 000 000 000 000 050 217 000 013 000 020 000 000 104 161 000 078
0814 000 000 000 000 055 255 000 018 000 006 000 006 112 151 093 087
0815 000 000 000 004 062 252 000 021 003 010 000 014 107 116 009 091
0816 000 000 000 000 093 216 000 013 006 041 000 002 084 094 013 076
0817 000 000 000 009 138 170 000 000 006 108 000 000 066 099 001 040
0818 000 000 000 018 163 127 000 000 043 127 000 000 075 099 022 038
0819 000 000 000 015 180 117 000 000 007 119 000 000 103 124 006 035
0820 000 000 000 000 185 128 000 000 007 076 000 000 138 141 000 016
0821 000 000 000 000 169 154 000 000 007 046 000 000 165 152 000 005
0822 000 000 000 000 120 161 000 000 000 033 000 000 178 190 013 008
0823 000 000 000 000 063 158 000 000 000 027 000 000 176 180 020 018
0824 000 000 000 000 022 142 000 000 000 000 000 000 168 176 024 023
0825 000 000 000 000 012 140 000 000 002 008 000 005 158 162 024 025
0826 000 000 000 000 019 111 000 000 000 013 000 001 146 144 022 014
0827 000 000 000 000 066 061 000 000 000 006 000 004 120 149 032 002
0828 000 000 000 000 126 031 000 000 000 006 000 018 099 127 006 000
0829 000 000 000 000 141 019 000 000 000 065 000 021 093 115 000 000
0830 000 000 000 000 158 019 000 000 000 088 000 015 092 113 000 000
0831 000 000 000 000 127 002 000 000 000 087 000 003 098 092 005 006
0832 000 000 000 000 118 031 000 000 000 069 000 000 101 092 008 000
0833 000 000 000 000 088 069 000 000 000 073 000 000 097 084 019 005
0834 000 000 000 000 071 111 000 000 000 069 000 000 089 071 000 016
0835 000 000 000 000 078 151 000 000 000 045 000 015 089 074 000 013
0836 000 003 000 000 098 189 000 000 000 026 000 064 104 058 000 003
0837 000 014 000 000 127 199 000 000 000 011 000 082 138 046 004 000
0838 000 015 000 000 143 169 000 000 001 064 000 083 174 031 003 002
0839 000 014 000 005 134 118 000 000 010 099 000 085 189 015 000 000
0840 000 010 000 002 113 072 006 000 012 087 000 076 181 012 001 001
0841 000 011 000 000 130 066 000 000 012 032 000 077 161 000 006 015
0842 000 013 000 000 183 050 000 000 006 000 000 078 126 000 000 028
0843 000 000 000 000 255 023 000 000 009 002 000 054 090 000 000 038
0844 000 000 000 000 255 017 000 000 010 006 000 033 074 000 000 049
0845 000 000 000 000 251 030 000 002 008 000 000 015 086 000 003 054
0846 000 000 000 000 228 045 006 000 000 000 000 003 096 000 000 043
0847 000 000 000 000 226 069 000 000 026 000 000 018 113 000 000 040
0848 000 000 000 000 216 082 000 000 002 000 000 027 112 000 063 025
0849 000 000 000 000 191 077 000 000 001 000 000 021 100 000 000 009
0850 000 000 000 000 170 059 000 000 000 000 000 018 091 000 000 000
0851 000 000 000 000 169 035 000 063 000 000 000 009 092 009 000 000
0852 000 000 000 000 179 027 000 000 000 003 000 011 097 019 000 000
0853 000 000 000 000 201 030 000 000 000 000 000 000 105 039 000 000
0854 000 000 000 000 245 040 000 000 004 005 000 000 121 041 000 000
0855 000 000 000 000 255 053 000 000 006 001 000 000 135 054 003 000
0856 000 000 000 000 255 064 000 000 008 004 000 000 146 066 000 000
0857 000 000 000 000 255 065 000 000 004 067 000 000 147 061 000 001
0858 000 000 000 000 218 039 000 000 015 016 000 000 152 060 005 010
0859 000 000 000 000 177 020 000 000 012 012 000 004 157 061 000 014
0860 000 000 000 000 147 004 000 000 005 000 000 029 164 056 000 001
0861 000 000 000 000 140 000 000 000 002 000 000 033 167 062 000 002
0862 000 000 000 000 142 000 000 000 000 000 000 025 159 051 000 018
0863 000 000 000 000 156 000 000 000 004 000 000 022 148 044 000 014
0864 000 000 000 000 164 000 000 000 000 009 000 023 146 040 000 004
0865 000 000 000 000 170 000 000 000 000 000 000 000 153 028 023 012
0866 000 000 000 000 167 002 000 000 000 000 000 001 163 028 000 010
0867 000 000 000 000 144 013 000 000 003 000 000 025 173 018 000 022
0868 000 000 000 000 149 021 000 000 021 000 000 047 171 021 000 016
0869 000 003 000 000 142 026 000 000 015 000 000 066 167 023 000 011
0870 000 013 000 003 137 017 000 000 030 000 000 081 155 020 000 004
0871 000 030 000 000 156 007 002 000 037 014 000 112 137 026 000 010
0872 000 036 000 000 151 001 000 000 032 040 000 120 113 029 022 010
0873 000 028 000 000 160 002 000 000 026 082 000 105 093 023 000 011
0874 000 010 000 011 143 000 000 000 017 112 000 072 081 031 000 020
0875 000 000 000 031 111 000 000 000 013 164 000 054 085 039 000 029
0876 000 000 000 040 081 000 000 000 011 183 000 046 094 036 000 019
0877 000 000 000 054 058 000 000 000 008 217 000 036 097 036 005 032
0878 000 000 000 066 069 000 000 000 006 245 000 041 088 043 000 045
0879 000 000 000 065 100 000 000 000 007 239 000 043 110 045 005 048
0880 000 000 000 060 101 000 000 000 058 230 000 033 146 047 000 032
0881 003 000 000 058 057 000 000 000 000 231 000 031 183 050 000 041
0882 000 000 000 054 023 000 000 000 000 215 000 029 208 054 000 059
0883 000 000 000 051 005 000 000 000 000 225 000 030 211 054 000 030
0884 000 000 000 047 000 000 000 000 000 243 000 023 188 051 000 026
0885 000 000 000 056 005 000 000 000 000 255 000 021 158 046 000 021
0886 000 000 000 067 044 000 000 000 000 255 000 049 137 045 000 018
0887 000 010 000 067 063 000 000 000 000 255 000 076 126 043 052 023
0888 000 016 000 055 084 000 000 000 000 248 000 086 121 044 005 015
0889 000 020 000 036 097 000 000 000 000 215 000 104 110 051 000 016
0890 000 019 000 027 094 000 000 000 000 199 000 090 102 051 000 015
0891 000 019 000 019 056 000 000 000 007 168 000 089 099 045 000 002
0892 000 011 000 010 041 000 000 000 020 144 000 073 106 041 000 001
0893 000 000 000 000 055 000 000 000 030 100 000 036 115 031 000 004
0894 000 000 000 000 092 000 000 000 034 058 000 008 120 015 000 010
0895 000 000 000 000 111 000 000 000 017 019 000 001 121 012 000 023
0896 000 000 000 000 107 000 063 000 015 000 000 000 115 007 000 031
0897 000 000 000 000 097 000 000 000 026 002 000 000 114 001 000 034
0898 000 000 000 000 088 000 000 000 019 033 000 018 120 000 000 016
0899 000 000 000 000 086 000 000 000 025 000 000 016 136 000 000 014
0900 000 000 000 000 070 000 000 000 018 002 000 034 153 000 004 001
0901 000 000 000 000 058 000 000 000 006 000 000 052 170 000 000 001
0902 000 000 000 000 065 000 000 038 011 000 000 050 184 000 000 019
0903 000 000 000 000 095 000 000 000 027 000 000 043 142 000 000 029
0904 000 000 000 000 120 000 000 000 012 000 000 037 126 000 000 024
0905 000 000 000 000 159 000 000 000 010 019 000 018 105 000 000 019
0906 000 000 000 000 184 000 000 000 015 000 000 012 100 000 000 000
0907 000 000 000 000 190 000 000 000 014 000 000 009 097 000 000 000
0908 000 000 000 000 170 000 000 000 016 000 000 000 091 000 000 000
0909 000 000 000 000 161 000 000 000 014 000 000 000 076 000 000 009
0910 000 000 000 000 155 001 000 000 016 000 000 014 073 000 000 017
0911 000 000 000 000 151 005 000 000 017 000 000 010 071 000 000 027
0912 000 000 000 000 162 000 000 000 040 000 000 000 066 000 000 007
0913 000 000 000 000 186 000 000 000 013 000 000 011 060 000 000 000
0914 000 000 000 000 193 000 000 000 000 000 000 016 049 000 000 000
0915 000 000 000 000 193 000 000 000 006 000 000 016 035 000 000 000
0916 000 000 000 000 186 000 000 000 008 000 000 017 022 000 006 016
0917 000 000 000 000 176 000 000 000 023 000 000 010 016 000 000 031
0918 000 000 000 000 164 000 000 000 018 000 000 020 014 000 000 021
0919 000 000 000 000 152 000 000 000 004 000 000 025 021 000 000 002
0920 000 000 000 000 162 001 000 000 003 000 000 017 028 000 000 028
0921 000 000 024 000 163 000 000 000 009 000 000 003 036 000 000 024
0922 000 000 000 000 170 000 000 000 014 000 000 007 043 000 003 032
0923 000 000 000 000 203 000 000 000 021 000 000 000 042 000 000 025
0924 000 000 000 000 227 000 000 000 013 000 000 000 035 006 006 016
0925 000 000 000 000 230 000 000 000 000 000 000 000 037 023 000 000
0926 000 000 000 000 189 000 000 000 000 000 000 000 051 029 000 000
0927 000 000 000 000 133 004 000 000 013 020 000 000 069 029 000 000
0928 000 000 000 000 088 001 000 000 014 000 000 009 082 022 008 000
0929 000 000 000 000 078 000 000 000 026 000 000 027 097 016 000 000
0930 000 000 000 000 086 000 000 000 045 000 000 037 097 007 000 021
0931 000 000 000 000 091 014 000 000 030 000 000 026 089 002 000 023
0932 000 000 000 000 089 036 000 000 005 000 000 026 088 002 000 016
0933 000 000 000 000 094 048 000 000 016 000 000 048 091 003 003 018
0934 000 000 000 000 069 056 000 000 033 000 000 046 084 009 000 000
0935 000 000 000 000 035 067 000 000 041 001 000 033 065 014 000 000
0936 000 000 000 000 038 076 000 000 009 000 000 035 048 017 000 000
0937 000 000 000 000 048 070 000 000 003 000 000 037 040 018 003 000
0938 000 000 000 000 052 060 000 000 034 001 000 015 032 016 000 000
0939 000 000 000 000 079 051 000 000 028 000 000 000 025 009 000 002
0940 000 000 000 000 098 057 000 000 010 012 000 000 026 000 000 012
0941 000 000 000 000 101 107 000 000 019 026 000 000 031 000 000 033
0942 000 000 000 000 111 109 000 000 032 011 000 003 038 000 000 021
0943 000 000 000 000 111 078 000 000 039 017 000 009 045 000 000 023
0944 000 000 000 000 115 060 000 000 023 036 000 009 055 000 000 088
0945 000 000 000 000 113 061 010 000 008 041 000 000 059 000 000 041
0946 000 000 000 000 132 036 000 000 016 011 000 000 058 000 000 041
0947 000 000 000 000 111 000 000 000 000 000 000 000 053 009 000 031
0948 000 002 000 000 056 000 000 000 000 000 000 000 040 000 000 026
0949 000 000 000 000 053 000 000 000 000 000 000 012 037 000 000 013
0950 000 000 000 000 077 000 000 000 006 000 000 032 036 000 000 018
0951 000 000 000 000 089 000 000 000 000 000 000 033 041 000 000 007
0952 000 000 000 000 101 000 000 000 000 000 000 030 065 000 000 030
0953 000 000 000 000 122 000 000 000 000 000 000 034 107 000 000 032
0954 000 000 000 000 159 000 000 000 000 000 000 027 146 000 000 027
0955 000 000 000 000 187 000 000 000 000 000 000 032 160 000 000 017
0956 000 000 000 000 204 000 002 000 008 000 000 026 142 000 000 007
0957 000 000 000 000 222 000 000 000 017 000 000 003 109 000 000 014
0958 000 000 000 000 239 000 000 000 020 000 000 000 076 000 003 017
0959 000 000 000 000 242 000 000 000 041 000 000 001 062 000 038 028
0960 000 000 000 000 205 000 000 000 042 000 000 013 046 000 000 031
0961 000 000 000 000 143 000 000 000 019 000 000 022 032 000 000 031
0962 000 000 000 000 097 000 000 000 013 000 000 015 024 000 003 040
0963 000 000 000 000 079 000 000 000 019 000 000 016 019 000 031 044
0964 000 000 000 000 088 012 000 001 033 000 000 017 009 000 000 053
0965 000 000 000 000 043 019 003 000 007 000 000 008 012 000 000 051
0966 000 000 000 000 010 019 000 000 003 000 000 001 016 000 002 051
0967 000 000 000 000 006 007 000 000 005 000 000 002 011 000 000 049
0968 000 000 000 000 015 000 000 000 013 000 000 002 001 000 000 036
0969 000 000 000 000 020 000 000 000 013 000 000 000 000 000 000 048
0970 000 000 000 000 037 000 000 007 017 000 000 000 000 000 000 066
0971 000 000 000 000 065 000 000 001 018 000 000 015 000 000 000 053
0972 000 000 000 000 075 000 000 000 022 000 000 040 000 000 000 027
0973 000 007 000 000 070 000 000 000 025 000 000 070 020 000 000 024
0974 000 017 000 000 056 000 000 041 023 089 000 088 035 000 000 013
0975 000 024 000 000 031 000 000 000 021 000 000 101 060 000 056 013
0976 000 029 000 004 015 000 000 000 021 000 000 109 027 000 000 010
0977 000 031 000 000 013 000 000 000 020 002 000 113 020 000 000 000
0978 000 032 000 000 021 000 000 000 011 000 000 114 013 000 000 000
0979 000 030 000 000 035 000 000 000 007 000 000 110 004 000 000 000
0980 000 035 000 000 048 008 000 000 009 000 000 119 000 000 000 005
0981 000 047 000 000 058 018 000 000 006 000 000 143 000 000 000 004
0982 000 065 000 000 057 015 024 000 006 061 000 179 000 000 000 032
0983 000 084 000 000 045 014 000 000 006 000 000 220 000 000 000 041
0984 000 097 000 000 031 016 000 000 009 000 000 242 009 000 000 018
0985 000 105 000 000 018 033 000 000 000 002 000 255 016 000 000 026
0986 000 111 000 000 009 044 000 000 004 000 000 255 018 000 000 059
0987 000 115 000 000 009 049 000 003 003 000 000 255 007 000 000 058
0988 000 113 000 000 006 046 000 000 004 000 000 255 000 000 000 050
0989 000 112 000 000 003 050 000 000 003 000 000 255 000 000 000 033
0990 000 111 000 000 000 049 000 000 002 000 000 255 000 000 000 035
0991 000 108 000 000 000 039 000 000 000 046 000 253 001 000 000 044
0992 000 100 000 000 000 021 000 000 003 000 000 239 020 000 020 015
0993 000 084 000 000 000 013 000 000 006 005 000 212 043 000 010 022
0994 000 069 000 000 000 004 000 000 037 000 000 180 049 000 002 037
0995 000 057 006 000 000 000 000 000 057 000 000 159 048 000 000 087
0996 000 044 023 000 003 000 000 000 086 009 000 138 040 000 001 009
0997 000 034 034 000 009 000 000 000 103 000 000 120 031 000 000 016
0998 000 030 045 000 011 000 000 000 121 006 000 111 031 000 000 038
0999 000 024 032 000 004 000 000 000 102 032 000 100 045 000 000 032
1000 000 020 031 000 002 000 000 000 101 036 000 091 074 000 000 036
1001 000 013 023 000 000 000 000 000 089 017 000 079 106 000 000 022
1002 000 003 019 000 000 000 000 000 078 012 000 059 127 000 000 013
1003 000 000 017 000 000 000 000 000 074 028 000 041 129 000 000 003
1004 000 000 020 000 000 000 000 000 081 015 000 025 126 003 028 000
1005 000 000 035 000 000 000 000 000 105 022 000 001 105 017 000 032
1006 000 000 045 000 000 000 000 000 122 050 063 000 080 027 000 034
1007 000 000 059 000 000 000 000 000 147 052 000 001 062 041 000 036
1008 000 000 030 000 000 000 000 000 096 045 000 011 047 060 000 036
1009 000 003 015 000 000 000 000 000 072 041 000 023 028 069 000 028
1010 000 000 001 000 000 000 000 000 046 038 000 023 027 060 000 009
1011 000 000 000 000 000 000 000 000 035 036 000 000 042 049 000 001
1012 000 000 000 000 000 000 000 000 026 048 000 000 075 031 000 008
1013 000 000 000 000 000 000 005 000 021 068 000 000 095 017 000 001
1014 000 000 000 000 000 000 000 000 015 086 000 000 121 002 000 000
1015 000 000 000 000 000 000 000 000 017 062 000 000 141 000 000 000
1016 000 000 000 000 000 000 000 000 021 048 000 000 151 000 000 000
1017 000 000 000 000 000 000 000 000 027 064 000 000 122 000 000 010
1018 000 000 000 007 000 000 000 000 033 104 000 000 120 000 002 014
1019 000 000 023 016 000 000 000 000 045 128 000 000 144 000 000 036
1020 000 000 003 005 000 000 000 000 050 100 000 000 170 000 000 030
1021 000 000 005 004 000 000 000 000 080 097 000 000 184 000 021 034
1022 000 000 005 000 000 000 000 000 056 076 000 000 181 000 000 024
1023 000 000 000 000 000 000 000 000 030 060 000 000 175 000 000 020
1024 000 000 000 000 000 000 000 000 020 064 000 000 178 000 023 019
1025 000 000 000 009 000 000 000 000 008 107 000 000 191 000 002 030
1026 000 000 000 038 000 000 000 000 001 171 000 000 195 002 000 024
1027 000 000 000 040 000 000 000 000 016 175 000 007 204 004 000 026
1028 000 000 000 020 000 000 000 000 016 126 000 013 199 007 000 025
1029 000 000 000 000 000 000 000 000 000 078 000 010 185 009 000 028
1030 000 000 000 009 000 000 000 000 000 106 000 007 172 008 000 033
1031 000 000 000 020 000 000 000 000 000 130 000 005 159 011 000 029
1032 000 000 000 025 000 000 000 000 000 142 000 012 156 008 000 026
1033 000 000 000 008 000 000 000 000 000 099 000 006 154 003 000 012
1034 000 000 000 000 000 000 000 000 000 072 000 003 160 000 000 009
1035 000 000 000 000 000 000 000 000 000 079 000 028 166 004 000 021
1036 000 000 000 017 000 000 000 000 004 123 000 048 163 016 014 002
1037 000 000 000 017 002 000 000 000 009 122 000 034 125 031 000 011
1038 000 000 000 011 026 000 011 000 000 110 000 027 132 042 000 002
1039 000 000 000 009 043 000 000 000 000 104 000 014 147 040 004 011
