0000 29-08-03 13:49:13 +21C   257   325   16   5 яно3 
0001 000 000 000 010 148 056 000 003 039 118 000 004 088 154 049 014
0002 000 000 000 028 129 055 000 000 048 150 000 000 067 140 054 005
0003 000 000 000 048 094 058 013 000 016 210 000 000 047 098 059 062
0004 000 000 000 054 068 051 000 000 018 244 002 000 037 073 029 012
0005 000 000 000 081 046 036 000 000 016 255 011 000 041 058 015 003
0006 000 000 000 114 039 020 000 000 009 255 009 000 051 047 034 000
0007 000 000 000 138 055 011 000 000 008 255 006 000 061 042 026 000
0008 000 000 000 177 084 029 000 000 017 255 020 005 067 032 009 000
0009 004 000 000 194 104 049 000 000 071 255 033 012 063 020 012 003
0010 000 000 000 192 125 054 000 000 037 255 037 009 059 005 013 000
0011 000 000 000 181 123 035 000 000 004 255 030 000 049 000 000 000
0012 000 000 000 161 096 029 000 000 003 255 024 001 034 000 019 000
0013 000 015 000 145 076 036 000 000 003 255 018 011 025 000 017 000
0014 000 000 000 124 064 052 000 000 022 255 007 006 012 000 000 001
0015 000 000 000 126 066 062 000 000 039 255 004 008 000 000 000 004
0016 000 000 000 132 050 066 000 000 056 255 004 016 000 000 000 000
0017 000 000 000 141 018 060 000 000 000 255 000 031 000 000 008 010
0018 000 000 000 134 024 054 000 000 007 255 000 032 000 000 000 002
0019 000 000 000 117 035 040 000 000 016 255 000 040 000 000 002 007
0020 000 000 000 111 040 027 000 000 020 255 003 052 000 000 004 008
0021 000 007 000 116 032 002 000 000 029 255 018 070 000 000 003 000
0022 000 008 000 122 000 000 000 000 042 255 035 070 000 000 004 000
0023 000 000 000 127 024 000 000 000 032 255 048 054 000 000 000 000
0024 000 000 003 137 047 000 000 000 054 255 053 048 000 000 004 000
0025 001 000 008 149 019 000 000 000 061 255 058 043 011 000 011 000
0026 002 000 018 168 038 002 000 000 077 255 059 030 000 000 007 000
0027 000 000 013 185 052 026 000 000 066 255 045 013 000 000 000 000
0028 000 000 002 193 063 046 000 000 049 255 050 018 000 000 000 000
0029 000 000 000 210 074 079 000 000 045 255 055 035 000 000 000 000
0030 003 000 008 199 084 117 000 000 059 255 061 028 000 000 012 000
0031 004 000 001 197 086 120 000 005 045 255 064 018 000 000 028 000
0032 012 000 000 178 079 094 000 000 038 255 080 024 000 009 000 000
0033 012 000 000 135 070 058 000 000 021 255 080 016 000 027 012 000
0034 011 000 000 111 089 046 000 000 022 255 075 007 000 041 022 005
0035 010 000 000 066 107 061 000 000 000 255 074 009 000 048 009 000
0036 007 000 000 044 097 063 000 000 003 203 067 010 000 054 003 000
0037 000 000 000 019 094 057 000 000 004 129 056 009 000 055 000 008
0038 000 000 000 001 106 058 000 000 022 080 040 007 000 047 003 003
0039 000 004 000 000 126 075 000 000 022 067 035 019 000 039 007 000
0040 000 000 000 000 145 096 003 000 026 057 033 021 000 053 041 000
0041 000 000 000 000 151 126 000 000 025 040 088 020 000 080 020 000
0042 000 000 000 000 143 151 000 000 030 063 040 017 000 109 000 000
0043 000 000 000 000 130 154 000 000 039 061 039 029 000 125 003 002
0044 000 000 002 000 104 145 000 000 047 048 036 042 000 129 011 011
0045 000 000 000 000 109 135 000 000 039 056 032 049 000 118 009 025
0046 000 001 000 000 116 130 000 000 019 036 025 057 000 103 013 023
0047 000 002 000 000 105 114 000 000 028 013 020 058 001 104 006 084
0048 000 000 000 000 135 114 000 000 039 028 012 054 005 106 025 024
0049 000 000 000 000 198 119 000 000 036 017 018 055 000 102 022 009
0050 000 004 000 000 215 113 000 000 020 039 022 063 000 099 009 006
0051 000 005 000 000 200 111 000 000 041 060 019 065 000 098 006 000
0052 000 007 000 000 188 117 000 000 048 031 015 068 000 099 001 000
0053 000 006 000 005 160 121 000 000 038 015 000 068 000 102 000 000
0054 000 000 000 000 125 124 000 000 016 073 000 048 002 098 012 000
0055 000 000 000 000 105 123 000 000 006 038 000 030 004 088 008 008
0056 000 000 000 000 112 116 000 000 000 061 000 011 003 074 000 012
0057 000 000 000 000 142 108 000 000 000 038 000 000 000 063 000 003
0058 000 000 000 000 180 108 000 000 000 062 000 000 000 056 011 000
0059 000 000 000 001 211 104 000 000 000 085 000 002 000 049 046 000
0060 000 000 000 000 230 093 000 000 037 072 000 028 000 039 044 000
0061 000 000 000 000 217 084 000 000 000 089 000 025 025 031 032 000
0062 000 000 000 000 187 083 000 000 002 040 000 002 039 039 010 001
0063 000 000 002 000 200 084 000 018 000 042 000 002 041 066 021 000
0064 000 000 000 000 237 085 000 000 000 006 000 000 022 097 000 000
0065 000 000 000 000 255 071 000 000 001 032 000 000 001 133 006 000
0066 000 000 000 000 255 051 000 000 000 043 000 000 000 157 063 001
0067 000 000 000 000 255 031 000 000 017 035 000 000 001 176 000 017
0068 000 000 000 000 255 044 000 000 017 037 000 010 009 187 010 016
0069 000 000 000 000 225 059 000 000 000 025 000 022 021 200 040 000
0070 000 000 000 000 197 049 000 000 002 020 000 016 034 215 032 000
0071 000 000 000 000 174 017 000 000 000 018 000 015 044 213 042 000
0072 000 000 000 000 153 000 000 000 000 036 000 022 049 193 028 008
0073 000 000 000 000 141 000 002 000 012 062 000 008 054 174 057 026
0074 000 000 000 000 131 015 010 000 024 042 000 000 052 162 073 051
0075 000 000 001 000 131 015 003 000 046 029 000 002 050 166 055 017
0076 000 000 002 000 127 021 000 000 048 050 000 011 050 175 033 014
0077 000 000 008 000 112 023 000 000 060 060 000 021 047 177 018 000
0078 000 000 050 000 083 004 000 000 134 060 000 007 037 167 015 006
0079 000 000 094 000 047 000 000 000 209 069 000 000 026 140 000 011
0080 000 000 121 000 052 000 000 000 254 051 000 000 011 108 001 006
0081 000 000 139 000 055 000 000 000 255 005 000 000 003 080 011 001
0082 000 000 141 000 047 000 000 000 255 005 000 000 008 067 012 000
0083 000 000 132 000 034 000 000 000 255 039 000 003 016 064 007 000
0084 000 000 130 000 019 000 000 000 255 036 000 021 027 068 006 000
0085 000 000 135 000 015 000 000 037 255 050 000 012 035 070 013 000
0086 000 000 158 002 033 000 000 000 255 089 000 008 034 071 003 005
0087 000 000 195 018 028 005 000 000 255 125 000 014 031 070 002 002
0088 000 000 223 000 002 022 000 000 255 064 000 010 024 080 015 015
0089 000 000 233 000 000 022 005 000 255 042 000 000 014 108 008 010
0090 000 000 208 000 000 016 000 000 255 066 000 014 003 145 005 010
0091 000 000 200 000 000 018 000 000 255 068 000 020 000 155 001 009
0092 000 000 193 000 012 008 000 000 255 065 000 020 000 158 000 026
0093 000 000 199 000 011 012 000 000 255 050 000 024 000 151 009 025
0094 000 000 211 000 006 006 000 000 255 036 000 028 000 145 016 028
0095 007 000 217 000 014 000 000 000 255 048 000 035 000 143 011 015
0096 000 000 220 000 019 000 000 000 255 051 000 046 000 142 013 003
0097 000 002 203 000 035 002 000 000 255 037 000 060 000 137 008 000
0098 000 017 182 000 073 009 000 000 255 093 000 088 000 129 001 000
0099 000 037 172 000 109 009 000 000 255 120 000 132 000 125 000 000
0100 000 061 146 000 132 004 000 000 255 087 000 173 000 137 010 000
0101 000 087 122 000 151 004 000 000 253 045 000 221 000 151 016 004
0102 000 108 109 000 137 004 000 000 230 049 000 254 000 156 017 004
0103 000 124 113 000 129 004 000 000 239 046 000 255 000 150 032 007
0104 000 141 120 000 121 000 000 000 250 059 000 255 000 139 000 028
0105 000 148 131 000 111 000 000 000 255 048 000 255 002 121 005 013
0106 000 149 119 000 100 000 000 000 245 055 036 255 000 107 000 014
0107 000 152 089 000 082 004 000 000 196 054 000 255 000 086 000 004
0108 000 154 063 000 069 009 014 000 158 065 000 255 000 063 010 009
0109 000 167 055 000 073 004 000 000 143 066 000 255 000 046 003 000
0110 000 183 056 000 087 001 000 000 144 076 000 255 000 030 000 001
0111 000 207 054 000 106 000 000 000 140 053 000 255 000 040 000 004
0112 000 235 054 000 131 000 000 000 139 069 000 255 000 054 005 000
0113 000 255 045 000 147 005 000 000 122 069 000 255 000 060 000 000
0114 000 255 066 000 169 028 000 000 157 066 000 255 000 063 026 000
0115 000 255 071 000 190 049 000 000 166 072 000 255 000 063 001 000
0116 000 255 053 000 210 061 000 000 132 058 000 255 000 062 004 000
0117 000 255 031 000 225 061 000 000 096 053 000 255 000 064 021 000
0118 000 255 000 000 219 054 000 000 036 032 000 255 000 067 013 011
0119 000 254 000 000 197 053 000 000 018 040 000 255 000 072 017 002
0120 000 225 000 000 193 068 000 000 030 030 000 255 000 073 022 000
0121 000 203 000 000 196 088 000 000 025 037 000 255 000 078 001 003
0122 000 178 000 000 225 100 000 000 030 033 000 255 014 077 000 006
0123 000 152 000 000 214 097 000 000 005 041 000 255 037 072 004 010
0124 000 136 000 000 201 087 000 000 010 062 000 255 048 063 023 006
0125 000 103 000 000 207 076 000 000 014 082 000 243 054 046 016 007
0126 000 075 000 000 207 072 000 000 011 070 000 193 058 038 003 020
0127 000 051 000 000 179 071 000 000 010 047 063 152 056 030 000 027
0128 000 029 000 000 153 073 000 000 009 036 000 111 043 035 004 002
0129 000 015 000 000 188 060 000 000 039 029 000 084 036 050 000 015
0130 000 002 008 000 237 037 000 000 060 038 000 060 036 067 001 014
0131 000 000 016 000 237 022 000 000 074 016 000 026 049 079 007 002
0132 000 000 011 000 223 013 000 000 060 016 000 010 065 086 003 000
0133 000 000 000 000 187 012 000 000 032 023 000 010 085 096 018 017
0134 000 000 003 000 179 019 021 000 051 017 000 000 096 116 015 000
0135 000 000 000 000 195 044 000 000 034 014 000 000 082 136 016 004
0136 000 000 000 000 218 076 000 000 026 005 029 000 066 141 038 006
0137 000 000 000 000 255 100 000 000 029 006 000 000 062 135 048 011
0138 000 000 000 000 255 121 002 000 022 009 000 000 066 140 054 024
0139 000 000 003 000 250 127 000 000 052 044 000 000 081 148 031 018
0140 000 000 014 000 192 122 000 000 068 055 000 000 090 163 012 007
0141 000 000 000 000 122 109 000 000 028 035 000 000 095 174 012 021
0142 000 000 000 000 089 093 000 000 001 009 000 004 097 173 014 028
0143 000 000 000 000 066 081 000 000 002 010 000 000 097 173 010 032
0144 000 000 000 000 039 091 000 000 005 027 000 000 095 174 000 017
0145 000 000 000 000 037 125 000 000 008 008 000 000 093 157 000 021
0146 000 000 000 000 040 151 000 000 005 021 000 000 094 136 007 016
0147 000 000 000 000 043 155 000 000 019 031 000 008 102 118 040 018
0148 000 000 000 000 045 138 003 000 017 025 000 034 109 122 054 034
0149 000 000 000 000 047 109 000 000 024 034 000 052 117 152 034 011
0150 000 004 000 000 066 078 000 000 023 028 000 063 119 200 020 028
0151 000 006 000 000 101 062 000 000 016 093 000 064 116 251 008 027
0152 000 000 000 000 149 097 000 000 000 064 000 050 107 255 007 016
0153 000 000 000 000 181 127 000 000 000 039 000 036 099 255 023 015
0154 000 000 000 000 183 140 000 000 000 011 000 023 088 255 020 017
0155 000 000 000 000 144 104 000 000 009 004 000 025 078 255 025 003
0156 000 000 000 000 107 054 000 000 023 014 000 025 070 255 039 015
0157 000 000 000 000 099 008 000 000 026 015 000 005 068 252 046 010
0158 000 000 000 000 115 000 000 000 009 043 000 009 067 238 048 003
0159 000 000 000 000 104 029 014 000 000 025 000 009 064 229 011 000
0160 000 000 000 000 087 073 000 000 000 007 000 013 062 230 017 000
0161 000 000 000 000 079 095 000 000 000 021 000 030 055 231 022 000
0162 000 000 000 000 146 098 000 000 000 021 000 014 044 223 002 002
0163 000 000 000 000 224 093 000 000 027 037 000 005 031 218 006 000
0164 000 000 000 000 232 096 000 000 019 060 000 011 023 206 024 000
0165 000 000 000 000 185 101 000 000 016 051 000 009 020 186 028 000
0166 000 000 000 000 122 087 000 000 009 054 000 002 026 169 021 005
0167 000 008 000 000 117 052 000 000 010 082 000 000 040 152 035 005
0168 000 000 000 000 116 018 000 000 021 072 000 015 053 136 017 017
0169 000 000 000 000 107 017 000 000 023 040 000 014 063 121 002 020
0170 000 000 000 000 105 045 000 000 016 037 000 024 068 104 018 017
0171 000 000 000 000 098 071 000 000 003 034 000 039 065 093 020 014
0172 000 000 000 000 082 064 000 000 000 028 000 041 061 083 022 001
0173 000 000 000 000 065 070 000 000 000 047 000 013 055 074 024 047
0174 000 000 000 000 052 084 000 000 000 083 000 004 051 060 017 017
0175 000 000 000 011 067 091 000 000 000 110 000 020 051 038 000 046
0176 000 000 000 018 088 119 000 000 006 132 000 019 057 014 000 045
0177 000 000 000 020 114 143 000 000 024 131 000 013 066 000 000 019
0178 000 000 000 000 131 157 000 000 013 081 006 017 080 000 000 028
0179 000 000 000 000 124 178 000 000 004 069 009 019 085 000 000 023
0180 000 000 000 000 107 192 000 000 000 068 013 017 085 000 000 015
0181 000 000 000 000 078 208 000 000 013 043 015 007 070 004 000 015
0182 000 000 000 000 072 209 000 000 013 027 011 006 052 008 001 004
0183 000 000 000 000 091 198 000 000 010 019 010 006 029 011 000 006
0184 000 000 000 005 127 193 000 000 009 020 007 000 013 008 001 000
0185 000 000 000 000 137 208 000 000 000 035 000 009 003 012 047 000
0186 000 000 000 000 125 223 010 000 000 040 000 008 002 019 071 000
0187 000 000 000 000 103 239 006 000 007 076 000 011 000 020 063 000
0188 000 000 000 005 071 229 000 000 023 096 000 004 000 014 053 000
0189 000 000 000 015 035 208 000 000 017 124 004 000 000 009 035 000
0190 000 000 000 012 029 188 000 000 019 113 003 000 000 008 024 000
0191 000 000 000 000 044 179 000 000 017 071 005 000 000 005 002 000
0192 000 000 000 000 025 185 000 009 013 047 011 002 000 001 000 000
0193 000 000 000 000 016 194 000 000 010 041 017 005 000 000 000 007
0194 000 000 000 000 020 216 000 000 000 066 027 008 000 000 000 009
0195 000 000 000 000 026 240 000 000 012 078 031 002 014 000 000 000
0196 000 000 000 000 059 245 000 000 002 059 030 003 000 007 000 042
0197 000 000 000 063 073 209 000 000 000 070 019 014 000 014 000 007
0198 000 000 000 018 084 160 000 000 000 134 010 020 000 009 021 004
0199 000 000 000 032 101 141 000 000 017 157 011 001 000 000 006 000
0200 000 000 000 010 108 166 000 000 005 110 017 005 000 000 008 001
0201 000 000 000 000 097 219 000 000 000 066 045 012 003 000 002 008
0202 000 000 000 000 089 239 000 000 007 081 024 016 003 022 018 018
0203 000 000 000 000 089 224 000 000 000 041 028 006 000 046 022 037
0204 000 000 000 000 085 201 002 000 000 046 029 000 000 075 054 053
0205 000 000 000 000 087 195 004 000 000 043 029 000 000 097 055 047
0206 000 000 000 000 095 190 000 000 000 056 033 000 000 129 030 039
0207 000 000 000 000 096 198 000 000 000 053 034 001 003 153 038 035
0208 000 000 000 000 108 223 000 000 000 056 034 027 010 169 049 031
0209 000 000 000 000 124 251 000 000 017 063 033 045 018 181 047 015
0210 000 000 000 000 169 231 000 000 011 055 017 047 028 179 016 006
0211 000 000 000 000 172 207 000 000 003 053 003 045 040 176 004 007
0212 000 000 000 001 118 191 000 000 000 084 000 037 055 172 011 010
0213 000 000 000 004 048 195 000 000 000 094 012 027 071 171 040 006
0214 000 000 000 000 033 230 000 000 014 056 014 024 088 178 048 016
0215 000 000 000 000 043 255 000 000 011 053 000 013 098 180 024 005
0216 000 000 000 003 060 255 000 000 000 090 000 040 101 182 000 016
0217 000 000 000 008 087 253 000 000 001 101 000 057 091 188 011 048
0218 000 000 000 000 091 227 000 000 001 052 000 056 083 183 048 008
0219 000 000 000 000 063 212 001 000 033 033 000 056 081 195 051 000
0220 000 000 000 000 044 206 000 000 048 049 000 047 084 181 032 003
0221 000 000 000 000 038 199 000 000 033 060 000 028 089 165 015 019
0222 000 000 004 000 027 170 000 003 050 064 000 018 080 143 000 016
0223 000 039 000 000 034 150 000 000 038 099 000 010 076 127 016 026
0224 000 000 000 000 054 144 000 000 023 157 000 010 064 110 007 029
0225 000 000 000 000 066 151 000 000 001 239 000 002 050 096 005 010
0226 000 000 000 011 075 109 000 000 000 255 000 000 040 082 000 000
0227 000 000 000 045 075 050 000 000 008 255 000 000 044 068 000 000
0228 000 000 000 073 086 004 000 000 011 255 000 005 055 055 003 000
0229 000 000 000 096 090 012 000 000 011 255 000 038 070 048 000 000
0230 000 000 000 112 084 020 000 000 024 255 000 051 085 052 000 000
0231 000 000 000 107 084 011 000 000 012 255 000 056 099 062 012 006
0232 000 010 022 086 078 000 000 000 058 255 000 058 107 076 040 015
0233 000 000 031 075 072 006 000 000 098 255 000 039 104 086 000 000
0234 000 000 040 067 057 015 000 000 114 255 013 000 086 094 000 000
0235 000 000 024 069 044 024 000 000 085 255 000 000 067 102 001 000
0236 000 000 000 053 042 039 000 000 036 255 000 000 060 105 007 000
0237 000 000 000 051 030 041 000 000 022 255 000 008 054 105 010 000
0238 000 000 000 051 024 032 000 000 046 255 000 015 047 101 011 000
0239 000 000 000 051 017 025 000 000 036 255 000 015 046 101 001 000
0240 000 000 000 048 008 016 000 000 013 255 000 030 053 114 000 000
0241 000 000 000 048 008 013 000 000 009 255 000 040 059 130 000 000
0242 000 000 000 049 005 008 000 000 010 255 000 044 066 158 001 000
0243 000 000 000 047 013 000 000 000 029 255 000 031 069 189 022 000
0244 000 000 004 036 038 000 000 000 053 255 000 011 065 209 012 018
0245 000 000 015 028 040 000 000 000 071 255 000 017 061 220 028 034
0246 000 000 006 033 033 000 000 046 055 255 000 003 055 216 003 032
0247 000 000 000 027 013 000 000 000 016 255 000 027 055 206 012 030
0248 000 000 000 028 004 000 000 000 024 255 000 054 063 203 039 024
0249 000 008 000 016 010 003 000 000 037 255 000 073 065 179 048 030
0250 000 010 003 019 016 003 000 000 050 255 000 078 060 151 030 015
0251 000 007 007 025 001 000 000 000 057 255 000 071 050 126 028 011
0252 000 006 003 027 000 000 000 000 050 255 000 070 040 106 014 005
0253 000 000 002 038 000 008 000 005 046 255 000 057 033 092 013 028
0254 000 000 000 034 019 019 000 000 026 253 000 037 028 090 000 021
0255 000 000 000 006 045 020 000 000 021 255 000 007 026 098 002 021
0256 000 000 000 000 059 014 000 000 033 255 000 000 030 108 000 003
0257 000 000 000 003 062 009 000 000 043 255 000 000 034 113 020 010
0258 000 000 000 029 068 009 000 000 037 255 000 000 038 109 053 031
0259 000 000 000 070 075 013 000 000 018 255 000 000 041 089 041 037
0260 000 000 000 101 067 024 000 007 017 255 000 000 050 074 044 068
0261 000 000 000 105 059 044 012 023 016 255 000 000 061 061 072 096
0262 000 000 000 097 067 062 023 048 024 255 000 000 067 051 092 144
0263 000 000 000 062 079 078 039 072 015 255 000 002 065 055 120 189
0264 000 000 000 023 098 084 060 095 000 255 000 000 050 068 156 233
0265 000 000 000 000 102 082 063 111 000 226 000 003 032 087 161 255
0266 000 000 000 000 080 085 063 123 000 131 000 000 013 112 162 255
0267 000 000 000 000 043 087 064 116 000 071 000 000 002 143 163 255
0268 000 000 000 000 020 089 048 105 001 065 000 005 001 168 134 248
0269 000 000 000 000 021 087 049 083 000 086 000 011 022 178 136 205
0270 000 000 000 000 015 078 033 061 050 060 000 000 045 178 107 162
0271 000 000 000 000 010 067 022 041 000 038 000 000 059 180 087 127
0272 000 000 000 000 000 049 007 011 000 010 000 000 065 178 061 072
0273 000 000 000 000 018 041 001 000 000 021 000 020 063 174 052 033
0274 000 000 000 000 048 047 012 000 000 028 000 052 053 172 073 028
0275 000 000 000 000 076 064 000 000 000 033 000 053 047 169 052 006
0276 000 000 000 000 083 080 000 000 000 076 000 034 048 170 017 000
0277 000 000 000 000 068 075 000 000 000 067 000 013 051 186 076 011
0278 000 000 000 000 045 062 000 000 000 026 000 002 056 207 042 002
0279 000 000 000 000 039 053 003 000 003 028 000 000 055 228 057 014
0280 000 000 000 000 066 063 014 000 000 026 000 014 051 254 075 029
0281 000 000 000 000 101 084 014 000 000 026 000 034 051 255 073 042
0282 000 000 000 000 137 111 007 000 074 046 000 046 052 255 061 025
0283 000 000 000 000 158 118 000 000 024 061 000 045 052 255 047 046
0284 009 000 000 000 191 110 000 000 009 067 000 024 049 255 017 024
0285 000 000 000 000 211 101 000 000 011 023 000 006 045 254 018 014
0286 000 000 000 000 248 115 003 000 014 030 000 006 040 254 055 018
0287 000 000 000 003 255 139 000 000 009 043 000 011 041 255 047 000
0288 000 000 000 000 255 145 000 000 001 034 000 028 050 253 014 000
0289 000 000 000 000 236 128 000 000 000 023 000 049 051 255 000 004
0290 000 000 000 000 185 111 000 000 065 017 000 053 039 255 009 000
0291 000 000 000 000 155 106 000 000 008 020 000 046 027 255 041 000
0292 000 000 000 000 130 111 000 000 005 038 000 032 011 255 011 000
0293 000 000 000 000 134 118 000 000 000 039 000 017 006 255 002 000
0294 000 000 000 000 206 112 000 000 000 032 000 000 005 255 007 000
0295 000 000 000 000 244 104 000 000 000 028 000 005 013 255 000 000
0296 000 000 000 000 255 084 000 000 000 043 000 016 021 255 026 000
0297 000 000 000 000 253 070 000 000 000 036 000 027 021 247 024 002
0298 000 000 000 000 225 069 000 000 000 029 000 027 017 233 022 000
0299 000 000 000 000 237 073 000 000 006 035 000 029 022 224 016 002
0300 000 000 000 000 255 089 000 000 018 026 000 028 030 235 007 000
0301 000 000 000 000 255 117 000 000 028 027 000 024 038 255 018 027
0302 000 000 000 000 255 139 000 000 028 064 000 025 043 255 049 011
0303 000 000 000 000 255 136 000 000 019 053 000 031 048 255 035 004
0304 000 000 000 000 255 118 000 000 022 022 000 035 056 239 024 000
0305 000 000 000 000 255 102 000 000 019 027 000 022 062 220 022 004
0306 000 000 000 000 255 100 000 000 012 060 000 008 066 212 021 013
0307 000 000 000 000 255 107 000 000 009 081 000 010 070 197 006 024
0308 000 000 000 000 255 112 000 000 021 068 000 023 073 190 028 036
0309 000 000 000 000 255 116 000 000 006 082 000 017 080 185 046 025
0310 000 000 000 000 255 120 000 000 007 059 000 025 088 191 037 022
0311 000 000 000 000 249 125 000 000 000 041 000 024 088 211 086 010
0312 000 000 000 000 254 133 000 000 000 048 000 010 080 237 020 020
0313 000 000 000 000 255 131 000 000 000 033 000 012 075 255 003 032
0314 000 000 000 000 255 112 000 000 000 043 000 010 071 255 000 044
0315 000 000 000 000 255 094 000 000 000 069 000 008 062 255 004 051
0316 000 000 000 002 255 083 000 000 000 089 000 026 056 255 007 043
0317 000 000 000 016 255 062 000 000 000 122 000 056 052 255 000 041
0318 000 010 000 001 255 052 000 000 001 084 000 078 050 255 022 002
0319 000 023 000 000 255 030 000 000 000 032 000 103 050 255 023 000
0320 000 042 000 000 255 022 000 000 002 018 000 142 046 255 000 023
0321 000 067 000 000 255 028 000 000 020 021 000 190 034 255 000 020
0322 000 090 000 000 255 053 000 000 006 052 000 233 014 237 000 025
0323 000 116 000 000 255 071 000 000 000 061 000 255 000 214 000 019
0324 000 139 000 000 255 089 000 000 000 038 000 255 000 194 005 032
0325 000 153 000 000 255 095 000 000 009 046 000 255 000 173 008 025
0326 000 160 000 000 255 088 000 000 016 078 000 255 000 159 000 015
0327 000 163 000 000 255 070 000 000 009 155 000 255 000 153 014 013
0328 000 159 000 001 255 044 011 000 000 241 000 255 000 142 020 000
0329 000 155 000 030 224 017 000 000 000 255 000 255 000 121 025 000
0330 000 152 000 061 170 002 000 000 000 255 000 255 000 094 028 006
0331 000 150 000 074 128 002 000 000 000 255 000 255 000 080 017 006
0332 000 148 000 072 076 004 000 000 031 255 000 255 000 067 000 018
0333 000 153 000 050 059 004 000 000 032 255 000 255 000 056 000 010
0334 000 160 000 025 047 009 000 000 019 255 000 255 000 051 000 042
0335 000 166 000 010 038 013 000 000 030 255 000 255 000 044 000 000
0336 000 174 007 012 028 014 000 000 059 255 000 255 000 033 000 000
0337 000 180 021 020 023 016 000 000 081 255 000 255 000 017 000 001
0338 000 189 022 038 007 019 000 000 083 255 000 255 000 001 008 000
0339 000 207 014 052 000 024 000 000 069 255 000 255 000 000 019 005
0340 000 226 009 047 015 023 000 000 061 255 000 255 000 000 044 000
0341 000 216 019 023 035 004 000 000 078 255 000 255 000 000 039 000
0342 000 214 036 008 028 000 000 000 110 255 000 255 000 000 029 004
0343 000 212 054 007 011 000 000 000 138 255 000 255 000 005 017 005
0344 000 207 057 004 003 000 000 000 144 255 000 255 000 002 009 000
0345 000 209 057 003 002 000 000 000 146 255 000 255 000 000 008 000
0346 000 206 065 028 000 000 000 000 159 255 000 255 000 000 001 000
0347 000 194 073 026 000 000 000 000 171 255 000 255 001 000 000 000
0348 000 182 051 035 000 000 000 000 134 255 000 255 008 000 000 026
0349 000 177 045 041 000 000 000 000 122 255 000 255 024 000 010 005
0350 000 171 047 035 000 000 000 000 126 255 000 255 033 000 035 003
0351 000 170 062 030 000 000 000 000 152 255 011 255 030 000 047 008
0352 000 164 078 023 000 000 000 000 178 255 028 255 043 000 024 000
0353 000 158 085 022 000 000 002 007 190 255 007 255 061 000 054 000
0354 000 144 077 022 000 000 002 000 176 255 000 255 082 000 051 000
0355 000 133 056 022 002 002 000 000 138 255 001 255 100 000 076 004
0356 000 121 021 020 004 005 005 000 080 255 004 255 112 015 058 000
0357 000 108 019 014 003 000 016 000 078 255 004 255 118 033 078 000
0358 000 087 020 006 000 009 008 000 078 255 000 223 131 046 064 005
0359 000 072 026 018 000 026 017 000 090 255 000 194 158 064 079 009
0360 000 055 029 021 003 036 014 000 095 255 000 157 194 077 075 016
0361 000 036 051 042 024 043 000 000 133 255 000 122 221 085 047 012
0362 000 027 060 051 029 043 000 000 148 255 000 104 229 089 039 008
0363 000 015 073 044 021 038 000 000 173 255 000 082 241 091 020 028
0364 000 000 073 007 008 033 013 000 173 255 000 048 244 094 003 051
0365 000 000 071 000 011 036 000 000 171 255 000 017 230 094 011 029
0366 000 000 075 007 038 058 000 000 177 255 000 004 214 091 022 028
0367 000 000 069 040 046 095 000 000 164 255 000 004 200 103 010 044
0368 000 000 070 043 038 139 000 000 164 255 000 004 198 101 005 028
0369 000 000 068 043 070 163 000 000 161 255 000 017 202 110 000 011
0370 000 000 063 062 109 152 000 000 151 255 000 022 204 120 000 027
0371 000 000 048 074 154 083 000 000 126 255 000 018 202 147 001 023
0372 000 000 035 094 176 043 000 000 106 255 000 006 197 164 000 010
0373 000 000 014 101 167 041 000 000 070 255 000 000 186 180 001 010
0374 000 000 011 101 154 050 000 000 064 255 000 008 175 190 018 006
0375 000 000 000 075 139 085 000 000 032 255 000 002 161 198 027 000
0376 000 000 000 053 140 088 000 000 021 253 000 003 158 196 021 000
0377 000 000 000 010 177 085 000 000 027 161 000 000 150 185 022 008
0378 000 000 000 000 246 103 000 000 000 069 000 000 134 175 031 018
0379 000 000 000 000 255 163 000 000 000 053 000 032 121 167 050 020
0380 000 000 000 000 255 194 004 005 000 039 000 042 117 171 057 063
0381 000 000 000 000 255 186 000 017 026 025 000 020 116 191 051 085
0382 000 000 000 000 255 178 000 016 040 068 000 000 119 231 013 083
0383 000 000 000 000 255 176 000 000 036 037 000 004 120 255 021 048
0384 000 000 000 000 255 172 000 000 043 016 000 002 115 255 008 031
0385 000 000 000 000 255 190 000 000 023 051 000 024 103 255 001 044
0386 000 000 000 000 255 205 000 000 012 033 000 037 096 255 017 043
0387 000 000 000 000 255 222 000 000 022 069 000 038 087 255 027 025
0388 000 000 000 000 255 235 000 000 023 087 000 034 088 255 040 016
0389 000 000 000 000 255 215 000 000 038 064 000 029 101 255 040 027
0390 000 000 005 000 254 194 000 000 055 019 000 016 119 251 021 035
0391 000 000 018 000 210 214 000 000 076 015 000 017 140 251 000 021
0392 000 000 006 000 187 252 000 000 054 027 000 008 162 249 000 020
0393 000 000 000 000 234 255 000 000 013 025 000 003 175 247 003 018
0394 000 000 000 000 255 255 000 000 018 023 000 000 175 244 015 008
0395 000 000 000 000 255 253 000 000 025 037 000 000 164 241 025 002
0396 000 000 000 000 255 237 000 000 036 063 000 008 132 241 025 010
0397 000 000 000 000 255 215 000 000 021 041 000 006 112 233 030 011
0398 000 000 000 000 255 181 000 000 002 067 000 000 091 228 035 013
0399 000 000 000 000 255 141 000 000 000 058 000 000 081 217 010 006
0400 000 000 000 000 255 113 000 000 000 033 000 009 081 210 007 006
0401 000 000 000 004 255 117 000 000 006 094 000 027 082 211 021 014
0402 000 000 000 008 255 140 000 000 017 106 000 022 091 211 031 000
0403 000 011 000 000 255 149 000 000 019 082 000 018 100 212 024 013
0404 000 000 000 000 255 141 000 000 000 042 000 009 110 217 040 036
0405 000 000 000 000 255 123 000 000 000 052 000 000 110 218 043 013
0406 000 000 000 004 255 100 000 000 009 095 000 009 105 219 007 010
0407 000 000 000 001 202 084 000 000 000 086 000 036 095 218 000 010
0408 000 000 000 000 224 081 000 000 000 065 000 032 087 219 016 011
0409 000 000 000 000 255 086 000 000 016 067 000 003 075 221 005 001
0410 000 000 000 000 255 098 000 000 016 068 000 017 065 216 000 001
0411 000 000 000 000 255 121 000 000 015 085 000 035 056 209 013 000
0412 000 000 000 011 255 134 000 000 014 111 000 033 059 195 003 003
0413 000 000 000 000 255 118 000 000 041 072 000 016 073 173 000 015
0414 000 000 000 000 255 106 000 000 045 066 000 000 093 155 004 011
0415 000 000 007 000 255 140 000 000 057 077 000 009 114 138 000 025
0416 000 000 001 000 255 197 000 000 045 045 000 013 126 124 000 028
0417 000 000 000 000 255 216 000 000 039 048 000 016 104 114 000 024
0418 000 000 000 000 255 193 000 000 044 047 000 008 085 116 000 010
0419 000 000 000 000 246 170 000 000 027 066 011 014 077 125 012 021
0420 000 000 000 006 206 143 000 000 013 101 000 027 064 140 000 014
0421 000 000 000 008 168 139 000 000 000 104 000 049 056 156 013 000
0422 000 006 000 000 156 155 000 000 000 067 000 068 040 175 075 006
0423 000 018 000 000 205 147 000 000 000 077 000 091 027 190 027 000
0424 000 030 000 005 251 107 000 000 015 099 000 110 009 209 006 000
0425 000 033 000 015 255 110 000 000 036 122 000 118 000 225 000 000
0426 000 044 000 004 234 150 000 000 035 094 000 140 000 202 000 000
0427 000 058 000 008 166 179 000 000 020 105 000 170 000 172 005 000
0428 000 068 000 006 139 163 000 000 010 096 000 189 000 124 017 000
0429 000 085 000 000 134 127 000 000 000 034 000 223 000 094 022 009
0430 000 102 000 000 149 100 000 000 006 044 000 254 000 089 008 001
0431 000 120 000 000 202 067 000 000 007 061 000 255 000 101 000 004
0432 000 127 000 000 229 057 000 000 006 038 000 255 000 117 000 012
0433 000 131 000 000 243 083 000 000 011 049 000 255 000 119 007 004
0434 000 125 000 000 255 127 000 000 002 062 000 255 000 114 000 000
0435 000 125 000 000 255 128 000 000 008 061 000 255 000 103 000 000
0436 000 120 000 000 255 112 000 000 008 077 000 255 000 085 000 000
0437 000 118 000 024 255 078 000 000 003 142 000 255 000 067 000 000
0438 000 114 000 017 255 083 000 000 008 123 000 255 000 048 000 000
0439 000 113 000 021 255 087 000 000 000 136 000 255 000 033 000 000
0440 000 119 000 023 255 078 000 000 000 156 000 255 000 020 000 000
0441 000 121 000 006 255 089 000 000 012 100 000 255 000 013 004 000
0442 000 122 000 016 255 127 000 000 018 124 000 255 000 014 000 000
0443 000 126 000 019 255 160 000 000 013 131 003 255 000 017 003 000
0444 000 132 000 018 255 172 000 000 017 124 014 255 000 017 000 000
0445 000 135 000 024 255 161 000 000 021 143 024 255 000 011 004 000
0446 000 137 000 027 255 161 000 000 018 153 029 255 000 005 000 000
0447 000 147 000 022 255 164 000 000 038 133 029 255 000 000 000 000
0448 000 150 007 005 255 182 000 000 058 099 029 255 000 000 000 000
0449 000 147 011 001 245 186 000 000 063 084 023 255 000 000 000 000
0450 000 146 004 000 255 169 000 000 050 078 019 255 000 000 008 000
0451 000 140 000 000 255 133 000 000 024 082 011 255 000 000 007 000
0452 000 122 000 011 255 088 000 000 015 109 006 255 000 000 000 000
0453 000 107 000 017 255 029 000 000 007 122 005 255 000 000 000 027
0454 000 092 000 007 255 005 000 000 004 100 000 234 000 000 001 000
0455 000 082 000 000 255 035 000 000 021 044 001 213 000 000 000 000
0456 000 089 000 000 255 074 000 000 031 021 000 230 000 000 000 000
0457 000 100 000 000 255 116 000 000 012 042 000 251 000 000 000 000
0458 000 114 000 000 255 155 000 000 038 051 000 255 000 000 000 000
0459 000 130 020 000 255 174 000 000 083 065 000 255 000 000 000 000
0460 000 145 034 000 255 131 000 000 103 061 000 255 000 000 001 019
0461 000 151 033 000 255 090 000 000 100 074 000 255 000 000 011 015
0462 000 154 024 004 200 036 000 000 086 034 000 255 010 000 000 000
0463 000 157 021 000 157 013 000 000 081 023 000 255 049 000 000 000
0464 000 169 016 000 205 026 000 000 075 022 000 255 085 000 000 000
0465 000 165 046 000 247 034 000 000 124 025 000 255 102 000 000 000
0466 000 161 064 000 231 039 000 000 153 003 000 255 106 000 000 000
0467 000 156 058 000 198 052 000 000 145 010 000 255 119 000 000 000
0468 000 144 052 000 182 067 000 000 134 024 000 255 126 004 000 000
0469 000 129 035 000 187 083 000 000 107 029 000 255 130 007 005 000
0470 000 102 023 000 188 079 000 000 083 033 000 249 133 009 024 001
0471 000 082 024 000 160 081 000 000 086 071 000 212 139 017 024 000
0472 000 056 038 003 115 081 000 000 110 090 000 159 149 034 020 000
0473 000 044 040 000 091 077 000 000 112 052 000 139 165 050 012 001
0474 000 029 016 000 065 066 000 000 074 061 000 110 187 081 004 021
0475 000 010 022 000 046 054 000 000 085 057 000 075 203 107 004 006
0476 000 000 037 000 029 066 000 000 108 048 000 039 202 127 000 006
0477 000 000 050 001 041 090 000 000 132 086 000 019 180 151 004 016
0478 000 000 054 000 085 114 000 000 140 079 063 001 134 178 009 038
0479 000 000 049 000 149 120 000 005 131 047 002 000 104 229 011 065
0480 000 000 051 000 156 104 000 014 135 027 000 000 101 255 014 079
0481 000 000 054 000 118 091 000 003 138 043 000 006 109 255 049 059
0482 000 000 071 000 073 087 000 000 170 069 000 012 124 255 021 051
0483 000 000 074 000 049 086 000 003 173 068 000 010 150 255 011 060
0484 000 000 065 000 038 084 008 000 154 042 000 004 159 255 000 045
0485 000 000 058 000 037 097 000 000 148 030 000 019 164 255 004 030
0486 000 000 061 000 057 124 000 000 148 012 002 025 177 255 009 026
0487 000 000 056 000 073 137 000 000 140 035 002 011 182 255 021 028
0488 000 000 051 000 097 144 000 000 133 047 000 000 190 255 026 002
0489 000 000 069 000 090 144 000 000 167 080 000 007 196 255 018 035
0490 000 000 076 000 052 126 000 011 181 064 000 018 190 255 003 074
0491 000 000 080 000 010 093 000 019 188 064 000 023 171 255 022 088
0492 000 000 080 000 037 064 000 013 186 069 000 023 136 255 026 075
0493 000 000 053 000 062 068 000 004 138 067 000 026 112 255 032 060
0494 000 000 036 000 128 080 000 000 108 036 000 046 109 255 034 045
0495 000 000 031 000 209 093 000 000 097 019 000 042 101 255 037 051
0496 000 000 013 000 255 094 000 006 066 027 000 019 106 255 024 066
0497 000 000 000 000 255 087 000 010 045 031 000 004 121 255 020 071
0498 000 000 000 000 255 103 000 006 023 055 000 016 134 255 015 063
0499 000 000 000 000 255 135 000 003 005 073 000 033 137 255 013 061
0500 000 000 000 004 255 160 000 007 000 094 000 025 122 255 033 068
0501 000 000 000 016 255 169 000 012 014 120 000 000 073 255 023 077
0502 000 000 000 014 243 172 000 008 005 117 000 000 040 255 000 068
0503 000 000 000 000 181 170 007 000 008 081 000 000 041 255 000 048
0504 000 000 000 000 159 168 000 000 008 058 000 000 065 255 000 040
0505 000 000 000 000 144 163 000 000 014 018 000 000 090 255 000 035
0506 000 000 000 000 188 114 000 000 000 016 000 000 125 255 000 028
0507 000 000 000 000 182 062 000 000 002 035 000 000 157 255 052 012
0508 000 000 000 000 174 086 000 000 001 023 000 011 177 255 018 008
0509 000 000 000 000 179 133 000 000 001 028 000 036 196 255 001 011
0510 000 007 000 000 224 173 000 000 005 047 000 070 210 255 000 018
0511 000 010 000 000 255 202 000 000 002 053 000 074 217 254 001 022
0512 000 000 000 000 255 235 000 000 000 079 000 051 222 221 000 039
0513 000 000 000 009 255 233 000 003 000 106 000 017 208 191 000 060
0514 000 000 000 015 224 190 000 000 020 119 000 011 199 164 000 048
0515 000 000 000 002 214 126 000 001 032 087 000 003 196 157 000 054
0516 000 000 000 000 253 088 000 000 021 053 000 000 189 165 000 043
0517 000 000 000 000 255 084 000 000 025 047 000 005 193 170 004 030
0518 000 000 000 009 255 093 000 000 008 107 000 015 196 191 023 018
0519 000 000 000 018 255 106 000 000 016 129 000 044 206 220 020 017
0520 000 002 000 006 255 090 000 000 010 097 000 062 200 255 010 000
0521 000 003 000 000 255 068 000 000 006 069 000 061 193 255 001 000
0522 000 000 000 000 255 048 021 000 011 019 000 056 187 255 003 000
0523 000 000 000 000 255 057 000 000 000 038 000 055 183 255 004 000
0524 000 000 000 000 255 054 001 000 005 033 000 053 181 229 004 000
0525 000 000 000 000 255 026 000 000 009 047 000 046 179 192 000 000
0526 000 000 000 000 255 006 000 000 003 069 000 054 185 169 000 008
0527 000 003 000 001 203 015 000 000 000 088 000 062 193 159 000 013
0528 000 008 000 000 166 035 000 000 000 070 000 070 189 149 000 011
0529 000 010 000 000 188 063 000 000 000 053 000 074 175 138 000 029
0530 000 006 000 000 250 098 000 000 000 067 000 067 163 114 049 036
0531 000 000 000 000 255 133 000 000 000 041 000 049 160 083 000 035
0532 000 000 000 000 245 160 046 005 000 009 000 035 162 058 000 024
0533 000 000 000 000 209 177 000 000 012 000 000 034 161 039 006 023
0534 000 000 000 000 193 171 000 000 023 005 000 043 160 029 000 025
0535 000 000 000 000 193 144 000 000 013 047 000 050 166 016 000 022
0536 000 000 000 002 233 129 000 000 003 090 000 049 173 010 000 031
0537 000 000 000 015 255 131 000 000 019 120 000 044 193 012 000 019
0538 000 000 000 019 255 152 000 000 032 130 000 032 215 019 000 002
0539 000 000 000 009 255 150 000 000 017 106 000 031 205 034 007 000
0540 000 000 000 000 255 105 000 000 000 057 000 030 210 050 007 000
0541 000 000 000 000 164 079 000 000 000 040 000 035 210 063 000 000
0542 000 000 000 002 123 076 000 000 002 087 000 051 212 076 004 000
0543 000 001 000 029 197 075 000 000 000 153 000 057 206 088 000 005
0544 000 001 000 045 241 088 000 000 000 192 000 056 181 105 000 011
0545 000 004 000 047 212 092 000 000 000 201 000 064 147 122 000 013
0546 000 011 000 035 170 093 000 000 000 172 000 082 132 133 000 003
0547 000 015 000 021 188 097 000 000 000 135 000 086 130 152 002 000
0548 000 022 000 013 237 110 000 000 000 118 000 073 137 170 000 010
0549 000 000 000 006 255 130 000 000 000 102 000 037 150 216 010 012
0550 000 000 000 000 255 137 000 000 007 078 000 034 146 254 010 024
0551 000 006 000 000 255 123 000 000 013 046 000 069 149 255 012 002
0552 000 027 000 000 255 099 000 000 000 009 000 109 145 255 016 000
0553 000 046 000 000 255 063 000 000 000 019 000 133 149 255 005 013
0554 000 041 000 000 255 032 000 000 000 038 004 137 151 255 000 022
0555 000 043 005 000 255 018 000 000 000 060 003 136 151 255 007 027
0556 000 037 000 000 255 034 000 000 000 067 015 126 147 255 027 030
0557 000 030 000 000 255 075 000 000 000 044 030 114 138 255 035 035
0558 000 020 000 000 255 115 000 000 000 027 048 094 127 255 026 047
0559 004 012 000 000 255 121 000 000 008 032 064 076 096 239 012 048
0560 013 003 000 000 196 093 000 000 014 062 081 096 076 183 021 033
0561 020 002 000 000 135 071 000 000 000 060 093 059 081 160 011 026
0562 023 000 000 000 128 043 000 000 000 052 097 048 081 143 003 012
0563 025 000 000 000 173 025 000 000 002 031 103 027 074 131 000 009
0564 029 000 000 000 239 028 000 000 009 027 108 014 057 109 001 052
0565 030 000 000 000 255 037 000 000 000 016 112 015 036 087 000 032
0566 028 000 000 000 255 065 000 000 001 071 106 038 017 064 000 026
0567 017 006 000 017 255 093 000 000 002 124 088 070 009 051 003 000
0568 016 018 000 008 238 103 000 000 000 099 085 087 014 058 018 000
0569 013 017 000 000 146 092 000 000 000 037 078 085 023 062 063 000
0570 017 009 000 000 118 062 000 000 004 044 087 071 022 069 002 000
0571 023 003 000 000 127 035 000 000 016 039 097 061 020 064 000 000
0572 032 000 000 000 181 011 000 000 053 049 115 033 011 053 009 000
0573 033 000 000 000 238 019 000 000 000 048 116 021 000 061 012 004
0574 031 000 000 000 255 025 000 000 000 015 113 017 000 081 008 018
0575 039 000 000 000 255 041 000 000 000 017 127 021 000 111 003 022
0576 043 000 000 000 247 062 000 000 000 000 135 041 003 128 004 027
0577 033 000 000 000 223 068 000 000 000 017 119 053 010 116 000 015
0578 036 000 000 000 160 044 000 000 000 031 127 049 019 100 000 000
0579 035 000 000 000 108 022 000 000 000 034 124 038 027 092 000 000
0580 031 000 000 000 088 000 000 000 000 070 116 003 040 097 000 000
0581 025 000 000 000 158 003 000 000 000 085 106 001 039 109 000 000
0582 019 000 000 000 162 015 000 000 000 077 095 000 039 114 000 000
0583 022 000 000 000 136 079 000 000 000 045 097 000 049 129 000 000
0584 023 000 000 000 124 137 000 000 019 073 097 027 063 137 000 000
0585 015 000 000 000 135 182 000 000 016 077 082 039 075 140 000 059
0586 008 000 000 000 110 203 000 000 011 037 070 050 077 159 002 013
0587 001 001 000 000 099 222 000 000 009 037 056 057 062 186 006 004
0588 000 007 000 000 187 236 000 000 010 032 034 070 044 208 004 004
0589 000 012 000 000 255 251 000 000 009 038 010 077 046 209 020 007
0590 000 008 000 000 255 248 000 000 003 068 000 069 063 191 016 001
0591 000 000 000 000 228 219 000 000 000 042 000 054 080 166 012 000
0592 000 000 000 000 141 187 000 008 000 031 000 046 090 145 010 000
0593 000 000 000 000 104 164 000 000 000 020 000 041 091 136 004 000
0594 000 000 000 000 092 136 000 000 000 017 000 042 089 128 053 010
0595 000 000 000 000 110 133 000 000 000 005 000 034 092 131 011 026
0596 000 000 000 000 186 125 000 000 009 011 000 028 092 143 022 041
0597 000 000 000 000 235 128 000 000 000 020 000 053 061 158 027 043
0598 000 007 000 000 255 111 000 000 002 029 000 069 059 179 015 026
0599 000 011 000 000 255 095 000 000 000 046 000 077 075 196 006 026
0600 000 019 000 000 255 103 000 000 017 044 000 092 099 200 015 009
0601 000 013 000 000 249 132 000 000 013 040 000 080 126 216 010 005
0602 000 000 000 000 255 159 000 000 017 017 000 053 140 232 020 021
0603 000 000 000 000 255 154 000 000 014 019 000 022 150 242 014 025
0604 000 000 000 000 255 127 000 000 006 048 000 000 132 255 000 025
0605 000 000 000 000 255 089 000 000 012 080 000 000 113 255 000 021
0606 000 000 000 000 255 048 000 000 014 064 000 011 077 255 000 012
0607 000 000 000 005 255 041 000 000 031 047 000 045 043 255 001 000
0608 000 003 000 000 255 069 000 000 042 042 000 061 032 255 003 000
0609 000 004 000 000 255 109 000 000 032 011 000 062 025 255 007 007
0610 000 000 000 000 255 135 000 000 008 014 000 055 043 255 010 004
0611 000 000 000 000 184 140 000 000 000 064 000 025 074 255 006 014
0612 000 000 000 006 158 138 000 000 003 098 000 017 090 255 008 020
0613 000 000 000 009 113 140 000 000 011 105 000 018 110 253 000 020
0614 000 000 000 000 052 133 000 000 036 079 000 029 113 221 018 009
0615 000 000 007 021 047 117 000 000 059 137 000 035 107 186 008 008
0616 000 000 015 034 126 095 000 000 071 166 000 025 107 151 008 008
0617 000 000 020 029 212 073 000 000 079 159 000 006 109 130 009 000
0618 000 000 015 031 255 047 000 000 071 157 000 020 120 116 014 000
0619 000 000 008 040 255 010 000 000 061 178 000 006 132 108 000 017
0620 000 000 012 051 255 031 000 000 067 203 000 000 142 108 000 044
0621 000 000 015 056 248 069 000 000 073 218 000 000 151 113 000 050
0622 000 000 030 025 206 078 000 000 095 140 000 007 145 116 000 046
0623 000 000 023 002 178 049 000 000 084 086 000 027 138 116 025 044
0624 000 000 015 000 166 043 000 000 070 073 000 055 137 109 000 028
0625 000 009 005 000 152 032 000 002 055 079 000 073 138 102 000 000
0626 000 011 007 025 165 030 000 000 084 143 000 076 134 098 000 000
0627 000 005 009 052 177 036 000 000 060 210 000 064 115 087 000 002
0628 000 000 030 079 167 050 000 000 097 255 000 046 099 076 000 013
0629 000 000 037 081 166 084 000 000 109 255 000 051 106 074 000 018
0630 000 008 046 067 157 108 000 000 127 246 000 073 123 072 004 025
0631 000 023 049 050 126 111 000 000 128 207 011 100 147 074 000 023
0632 000 027 055 014 103 089 000 000 140 117 000 105 162 080 000 025
0633 000 014 048 000 150 078 000 000 126 072 000 081 172 087 000 025
0634 000 000 024 000 140 069 000 000 084 040 000 043 185 085 000 009
0635 000 000 000 000 091 072 046 000 036 040 000 020 193 082 000 013
0636 000 000 000 000 073 094 000 000 023 061 000 027 195 076 000 031
0637 000 001 000 000 088 097 000 000 023 057 000 058 182 070 000 041
0638 000 013 000 000 147 103 000 000 038 058 000 080 126 066 002 047
0639 000 015 000 000 231 119 000 000 000 083 000 083 075 062 000 032
0640 000 007 000 000 233 132 000 000 008 070 000 067 071 057 000 016
0641 000 000 000 000 181 130 000 000 034 029 000 036 089 058 000 012
0642 000 000 000 000 227 125 000 000 030 038 000 008 114 065 000 000
0643 000 000 000 000 255 128 000 000 023 045 000 000 138 068 000 003
0644 000 000 000 000 255 128 000 000 041 042 000 000 165 079 000 000
0645 000 000 004 000 255 130 000 000 054 038 000 000 189 094 000 022
0646 000 000 004 000 255 113 000 000 052 063 000 000 199 107 000 028
0647 000 000 000 003 255 071 000 000 007 097 000 000 196 104 000 031
0648 017 000 000 016 255 052 000 000 000 122 000 000 183 108 000 016
0649 000 000 000 000 255 109 000 000 000 065 000 000 165 112 000 024
0650 000 000 000 000 255 136 000 000 000 004 000 000 147 102 000 017
0651 000 000 000 000 243 124 000 000 006 015 000 022 139 095 000 018
0652 000 001 000 000 216 083 000 000 012 027 000 061 144 091 000 021
0653 000 012 000 000 188 055 000 000 018 027 000 080 155 104 000 016
0654 000 026 000 000 136 043 000 000 015 005 000 104 178 120 000 001
0655 000 029 003 000 091 068 000 000 053 008 000 106 199 120 000 003
0656 000 020 022 000 086 099 000 000 083 077 000 092 208 123 000 001
0657 000 003 023 008 119 119 000 000 083 102 000 059 201 121 030 027
0658 000 000 007 000 168 107 000 000 057 044 000 020 178 132 014 023
0659 000 000 004 000 228 095 000 000 052 000 000 053 142 167 000 028
0660 000 019 002 000 255 062 000 000 047 009 000 092 111 223 015 034
0661 000 027 005 000 245 018 000 000 053 046 000 105 088 238 011 073
0662 000 026 000 000 223 019 000 000 036 057 021 101 100 249 000 002
0663 000 018 000 000 208 015 000 000 002 049 000 087 116 255 008 005
0664 000 009 000 000 200 017 000 000 015 020 000 069 141 255 016 000
0665 000 003 000 000 199 007 000 000 002 052 000 059 155 255 011 000
0666 000 000 000 000 214 016 000 000 000 075 004 053 167 255 000 000
0667 021 001 000 000 216 038 000 000 000 056 014 057 163 255 000 026
0668 000 007 000 000 222 062 000 000 009 115 020 069 158 252 006 024
0669 000 007 000 000 243 028 000 000 018 076 022 068 151 250 000 038
0670 000 006 000 000 255 000 000 000 013 070 027 066 154 255 000 029
0671 000 005 000 000 255 005 000 008 006 029 023 065 163 255 000 035
0672 000 002 000 000 255 021 000 000 000 020 008 058 178 255 013 035
0673 000 000 000 000 255 026 000 000 000 000 000 053 195 255 076 037
0674 000 002 000 000 255 027 001 000 000 019 000 059 211 255 049 032
0675 000 002 000 000 251 039 002 000 000 002 000 057 220 255 052 029
0676 000 000 000 000 182 043 000 000 000 014 000 056 220 255 026 020
0677 000 004 000 000 080 054 000 000 000 033 000 067 206 255 024 012
0678 000 012 000 000 034 067 000 000 001 026 000 082 175 255 039 017
0679 000 012 000 000 062 080 000 000 007 029 000 082 149 255 025 013
0680 000 003 000 010 163 041 000 000 000 113 000 061 132 250 025 013
0681 000 000 000 031 245 023 000 000 000 158 012 024 126 242 071 023
0682 000 000 000 016 255 033 007 000 000 122 000 000 123 246 012 037
0683 000 000 000 000 240 064 000 000 000 080 000 038 114 255 000 031
0684 000 000 000 000 159 110 000 000 000 052 000 050 103 255 006 029
0685 000 000 000 000 128 140 000 000 000 059 000 040 101 255 009 015
0686 000 000 000 000 153 136 000 000 000 055 004 035 105 255 016 017
0687 000 000 000 000 192 117 000 000 015 047 011 020 119 255 007 029
0688 000 000 000 000 199 107 000 000 037 045 012 006 133 255 007 041
0689 000 000 000 000 157 105 000 000 028 040 002 016 142 235 031 042
0690 000 000 000 000 127 101 001 000 020 073 000 034 128 235 050 027
0691 000 000 000 004 087 082 000 000 031 089 002 044 111 240 087 005
0692 000 000 000 000 074 069 000 000 015 086 000 036 111 244 022 005
0693 000 000 000 000 136 056 000 000 027 046 000 015 113 255 027 013
0694 000 000 000 000 169 048 000 000 033 055 000 013 118 243 030 013
0695 000 000 000 000 164 029 000 000 042 066 000 000 135 245 042 001
0696 000 000 003 001 125 005 000 000 050 088 000 000 140 233 040 000
0697 000 000 000 021 133 000 000 000 028 138 000 000 135 221 017 000
0698 000 000 009 068 119 014 023 000 064 244 000 011 128 221 004 002
0699 000 000 030 089 103 025 000 000 099 255 000 027 121 208 000 009
0700 000 000 045 067 096 021 000 000 124 237 000 028 103 206 000 013
0701 000 000 058 016 107 007 000 000 145 118 000 026 080 200 000 009
0702 000 000 076 000 138 000 000 000 175 067 000 033 057 200 002 009
0703 000 000 081 007 143 000 000 000 184 099 000 037 045 206 001 006
0704 000 000 094 000 131 005 008 000 205 071 000 024 035 208 001 000
0705 000 000 101 000 119 011 006 000 216 086 000 036 038 216 009 000
0706 000 000 095 022 111 006 000 000 208 145 000 041 041 204 005 000
0707 000 000 099 019 101 010 000 000 214 132 000 036 010 170 000 000
0708 000 000 096 000 100 000 000 000 209 071 000 044 000 147 001 000
0709 000 001 104 000 119 000 000 000 225 051 000 063 012 129 000 002
0710 000 010 126 000 145 000 000 000 255 025 011 079 047 104 007 019
0711 000 012 131 000 148 015 000 000 255 024 000 083 062 087 014 022
0712 000 027 114 000 119 056 000 000 238 039 000 106 061 088 000 016
0713 000 031 088 000 094 073 000 000 193 047 000 117 053 091 007 006
0714 000 022 050 000 133 065 000 000 128 055 000 100 059 085 012 000
0715 000 011 008 000 193 037 000 000 059 061 010 079 089 077 030 002
0716 000 014 000 000 212 022 000 000 044 059 000 082 127 068 053 007
0717 000 014 000 003 216 047 000 000 032 092 000 081 148 059 023 000
0718 000 010 000 000 215 043 000 000 026 083 000 074 148 064 017 000
0719 000 006 000 000 198 056 000 000 012 073 000 066 140 074 001 010
0720 000 007 000 005 210 089 000 000 000 097 000 068 121 086 000 007
0721 000 009 001 014 255 098 000 000 045 121 000 075 096 097 014 022
0722 000 013 000 005 255 071 000 000 043 096 000 081 084 103 000 024
0723 000 018 000 000 255 027 000 000 027 083 000 089 070 115 000 018
0724 000 015 000 000 255 000 000 000 012 084 000 083 062 122 000 024
0725 000 009 000 000 229 000 000 000 015 040 000 092 059 129 000 003
0726 000 000 000 000 159 000 000 000 019 015 000 039 063 142 000 000
0727 000 000 000 000 131 038 000 000 004 082 000 010 071 154 000 000
0728 000 000 000 005 163 057 000 000 005 096 000 018 077 170 000 005
0729 000 000 000 000 194 046 000 000 074 077 000 028 071 196 000 027
0730 000 000 000 000 196 020 000 000 020 071 000 024 071 212 000 037
0731 000 000 000 000 177 003 000 000 018 064 000 028 091 253 000 026
0732 000 000 000 000 181 000 000 000 012 037 000 019 110 255 000 008
0733 000 000 000 000 201 000 000 000 026 007 000 015 129 255 009 013
0734 000 000 000 000 224 000 000 000 029 020 000 011 133 255 013 017
0735 000 000 000 000 228 016 000 000 023 018 000 017 121 255 030 004
0736 000 000 000 000 203 044 000 000 003 016 000 025 108 255 001 000
0737 000 000 000 000 167 056 000 000 000 003 012 023 096 255 018 000
0738 000 000 000 000 159 051 000 000 000 006 000 021 087 255 019 000
0739 000 000 000 000 181 038 000 000 000 014 000 019 076 255 035 000
0740 000 000 000 000 208 047 000 000 000 012 000 020 062 255 026 000
0741 000 000 000 000 194 079 000 000 000 006 000 016 055 255 032 000
0742 000 000 000 000 177 092 000 000 000 001 000 010 056 255 038 051
0743 000 000 000 000 159 086 000 000 002 018 000 002 069 253 045 010
0744 000 000 000 000 165 064 000 000 022 021 000 000 085 250 031 011
0745 000 000 000 000 178 071 000 000 008 050 000 000 095 255 040 017
0746 000 000 000 000 170 075 021 000 005 053 000 000 101 255 037 002
0747 000 000 000 000 149 062 000 000 000 058 000 015 105 255 034 007
0748 000 000 000 000 108 051 000 000 000 034 000 042 107 255 033 007
0749 000 000 000 000 088 063 000 000 000 038 000 053 097 255 034 011
0750 000 000 000 000 097 072 000 000 000 017 000 043 071 255 023 008
0751 000 000 000 000 120 064 000 000 000 034 000 016 048 255 024 000
0752 000 000 000 000 153 054 000 000 000 016 000 000 047 255 009 000
0753 000 000 000 000 186 049 000 000 006 030 000 000 078 255 007 000
0754 000 000 000 002 225 056 000 000 003 090 000 005 097 255 007 005
0755 000 000 000 018 242 077 000 000 005 126 000 035 097 255 000 000
0756 000 000 000 018 244 084 000 000 012 124 000 048 086 255 000 000
0757 000 000 000 000 231 080 000 000 027 073 000 051 065 255 000 004
0758 000 000 000 000 224 071 000 000 016 036 000 031 045 255 000 000
0759 000 000 000 000 249 066 000 000 022 029 000 011 036 255 004 000
0760 000 000 000 000 255 080 000 000 024 028 000 009 034 255 004 000
0761 000 000 000 000 227 085 000 000 005 068 000 022 035 255 000 000
0762 000 000 000 000 183 078 000 000 000 069 000 019 032 251 000 000
0763 000 000 000 000 152 080 000 000 000 055 000 000 023 248 014 000
0764 000 000 000 000 139 076 000 000 000 052 000 000 013 249 022 000
0765 000 000 000 000 144 068 000 000 006 057 000 028 014 254 023 000
0766 000 000 000 000 139 035 000 000 001 043 000 052 031 255 030 000
0767 000 000 000 000 105 002 000 000 006 049 001 053 047 255 025 000
0768 000 000 000 000 060 008 003 000 027 076 011 043 065 255 058 029
0769 000 000 000 013 056 035 013 000 034 116 017 026 084 255 073 000
0770 000 000 000 016 079 060 019 000 037 123 017 015 099 255 087 000
0771 000 000 000 034 093 080 004 000 037 164 007 026 111 255 056 008
0772 000 000 002 039 095 107 007 000 049 174 000 033 103 255 064 008
0773 000 000 006 041 094 137 001 000 055 179 000 023 109 255 053 033
0774 000 000 000 025 077 157 000 000 028 140 000 020 127 255 037 025
0775 000 000 009 015 080 168 000 000 063 118 000 019 159 255 037 014
0776 000 000 020 014 141 171 009 000 081 119 000 018 184 255 065 018
0777 000 000 026 026 213 172 007 000 088 145 015 027 207 255 064 005
0778 000 000 025 050 255 175 000 000 090 202 017 038 206 255 040 013
0779 000 000 023 072 255 188 000 000 087 250 008 055 178 255 028 009
0780 000 004 047 086 255 196 000 000 131 255 000 063 140 255 037 007
0781 000 005 064 084 255 183 000 000 157 255 000 064 107 255 039 006
0782 000 000 033 066 221 156 001 000 098 235 003 054 078 255 052 000
0783 000 000 000 041 236 155 004 000 028 178 014 025 054 246 055 030
0784 000 000 000 016 255 160 000 000 021 121 007 004 059 186 043 003
0785 000 000 000 009 255 160 000 000 018 102 000 018 074 149 021 005
0786 000 000 000 005 255 150 000 000 037 094 000 033 087 146 018 000
0787 000 000 000 046 255 137 000 000 038 195 000 035 087 150 010 010
0788 000 000 001 075 255 150 000 000 044 254 000 036 082 152 000 006
0789 000 000 014 081 255 163 000 000 070 255 000 034 078 138 000 000
0790 000 000 014 068 255 157 000 000 069 244 000 015 081 117 003 000
0791 000 000 000 046 255 152 000 000 039 188 000 003 086 095 063 000
0792 000 000 000 015 255 156 000 000 027 116 000 000 095 087 003 000
0793 000 000 004 000 255 143 000 000 054 051 000 006 109 088 000 000
0794 000 000 005 000 255 132 000 000 055 035 000 014 118 097 000 003
0795 000 000 006 000 255 113 000 000 058 050 000 028 125 119 000 005
0796 000 000 009 000 255 101 000 000 063 049 000 029 121 145 014 000
0797 000 000 000 000 255 099 000 000 036 029 007 023 115 166 009 005
0798 000 000 000 000 255 104 000 000 009 038 020 026 112 182 000 007
0799 000 000 000 000 255 114 000 000 003 053 023 031 115 188 008 001
0800 000 000 000 000 255 138 000 000 000 021 015 036 113 182 019 000
0801 000 000 000 000 255 161 000 000 006 000 009 034 099 174 020 001
0802 000 000 000 000 255 169 000 000 021 021 000 033 087 169 021 001
0803 000 000 000 002 218 160 000 000 030 094 000 025 067 175 028 000
0804 000 000 003 000 196 144 000 000 051 084 000 026 047 185 016 030
0805 000 000 008 000 190 144 000 000 058 047 000 024 031 199 001 028
0806 000 000 000 000 187 151 000 000 043 079 000 019 030 212 025 013
0807 000 000 000 000 227 165 000 000 032 075 000 020 031 220 067 007
0808 000 000 000 000 255 184 000 000 016 041 000 027 038 221 040 000
0809 000 000 000 000 255 189 000 000 008 037 000 029 050 216 040 002
0810 000 000 000 000 255 176 000 000 008 054 000 020 073 207 065 006
0811 000 000 000 000 255 165 000 000 003 061 000 031 096 191 006 002
0812 000 000 000 000 255 145 000 000 000 057 004 041 103 180 014 000
0813 000 000 000 000 255 110 000 000 006 043 001 032 085 180 028 000
0814 000 000 000 000 255 094 000 004 008 048 000 025 061 178 001 001
0815 000 000 000 000 255 108 000 000 000 049 000 025 047 181 001 000
0816 000 000 000 000 255 136 000 000 000 017 000 029 058 190 014 004
0817 000 000 000 000 255 166 000 000 000 023 000 037 084 202 013 001
0818 000 000 000 000 255 176 000 000 007 034 000 051 098 208 014 000
0819 000 000 000 000 255 166 000 000 004 043 000 055 108 209 018 000
0820 000 003 000 005 255 141 000 000 003 048 000 061 121 205 006 000
0821 000 003 000 004 220 111 000 000 003 097 000 055 141 197 000 000
0822 000 000 000 000 182 102 000 000 011 055 002 047 148 201 001 005
0823 000 000 000 000 170 078 000 000 010 019 003 031 150 213 006 008
0824 000 007 000 000 173 042 000 000 016 046 007 012 139 219 004 010
0825 000 000 000 000 207 025 000 000 015 000 000 015 126 209 007 024
0826 000 000 000 000 228 019 000 000 002 004 000 031 116 193 008 038
0827 000 000 000 000 199 013 000 000 000 002 000 049 089 182 000 038
0828 000 000 000 000 159 012 000 000 000 013 000 048 078 182 009 034
0829 000 000 000 000 142 021 000 000 000 006 001 037 084 185 000 032
0830 000 000 000 000 163 027 000 000 000 002 004 026 096 185 000 023
0831 000 000 000 000 200 018 000 000 003 010 005 014 114 183 017 027
0832 000 000 000 000 227 007 000 000 026 034 000 000 114 178 004 024
0833 000 000 003 000 228 047 000 000 050 057 000 000 121 179 002 000
0834 000 000 000 000 231 092 000 000 043 083 005 000 122 187 005 000
0835 000 000 000 000 237 100 000 000 039 075 002 015 113 191 000 006
0836 000 000 000 000 239 077 000 000 037 065 000 028 097 210 002 011
0837 000 000 000 000 208 070 000 000 018 032 000 043 089 245 024 010
0838 000 000 000 000 182 063 000 000 004 027 000 035 089 255 017 024
0839 000 000 000 000 176 046 000 000 003 034 000 037 089 255 019 018
0840 000 000 000 000 200 056 000 000 003 058 012 034 084 255 026 009
0841 000 000 000 009 222 089 000 000 004 109 024 027 074 255 042 008
0842 000 000 000 009 220 101 000 000 013 106 025 015 059 255 040 003
0843 000 000 000 000 184 074 000 000 009 064 016 000 030 255 033 000
0844 000 000 000 000 159 078 003 000 012 064 007 011 017 255 057 000
0845 000 000 000 002 167 085 022 000 014 088 006 008 050 255 089 005
0846 000 000 000 007 213 089 023 000 032 102 000 005 082 255 090 010
0847 000 000 000 004 242 091 007 000 055 092 000 024 101 255 063 015
0848 000 000 000 000 227 074 000 000 027 039 000 024 105 255 034 022
0849 000 000 000 000 201 067 000 000 002 054 000 020 103 255 006 024
0850 000 000 000 000 183 099 000 000 009 049 000 011 104 242 021 017
0851 000 000 000 001 154 119 000 000 016 086 000 013 105 188 024 024
0852 000 000 003 002 136 108 000 000 054 086 000 011 091 147 029 031
0853 000 000 016 000 111 093 000 000 074 067 000 014 067 125 031 020
0854 000 000 002 000 080 097 000 000 047 072 000 019 041 121 034 004
0855 000 000 000 006 054 094 000 000 034 104 000 024 027 125 036 000
0856 000 000 000 031 048 071 000 000 040 156 000 016 014 130 017 000
0857 000 004 000 052 061 054 000 000 028 209 000 025 002 143 012 000
0858 000 000 000 075 080 054 000 000 016 254 000 028 012 160 022 020
0859 000 000 000 100 107 058 000 000 022 255 000 021 028 175 019 000
0860 000 000 000 119 146 067 000 000 027 255 000 015 037 185 016 000
0861 000 000 000 145 160 088 000 000 041 255 000 019 050 189 008 000
0862 000 000 000 173 128 111 000 000 023 255 000 019 060 189 033 014
0863 000 000 000 199 112 113 000 000 012 255 000 007 066 183 044 005
0864 000 000 000 223 126 109 000 000 026 255 000 000 067 172 047 000
0865 000 000 004 233 137 111 000 000 052 255 000 018 062 162 032 004
0866 000 000 023 239 132 115 000 000 088 255 000 034 059 152 065 000
0867 000 000 041 234 121 100 000 000 117 255 000 037 060 146 020 000
0868 000 000 021 214 117 062 000 000 082 255 000 038 063 163 006 000
0869 000 005 016 195 118 039 000 002 073 255 000 027 062 177 000 000
0870 000 000 012 187 122 042 000 000 066 255 000 016 056 182 007 000
0871 000 000 016 190 123 061 000 000 074 255 000 004 049 176 000 000
0872 000 000 021 179 123 077 000 000 084 255 000 018 037 170 000 000
0873 000 000 023 154 111 098 000 000 085 255 000 036 018 159 006 000
0874 000 000 041 106 085 100 000 000 119 255 000 056 003 150 075 000
0875 000 000 041 067 059 083 000 000 118 244 005 052 000 161 018 000
0876 000 000 046 052 063 041 000 000 124 211 022 029 020 190 044 025
0877 000 000 040 037 090 018 000 000 114 177 022 034 059 195 040 000
0878 000 000 026 021 116 021 000 000 092 134 015 029 088 216 045 000
0879 000 000 015 000 151 040 000 000 070 078 016 026 105 227 043 002
0880 000 000 006 000 164 060 000 016 055 041 009 027 101 243 010 001
0881 000 000 000 000 179 070 000 000 041 036 000 030 086 253 072 012
0882 000 000 000 000 202 079 000 000 031 021 000 032 074 253 007 001
0883 000 000 000 000 197 080 000 000 038 022 000 021 068 235 012 011
0884 000 000 000 000 187 083 000 000 041 021 000 001 069 219 019 019
0885 000 000 000 000 191 104 000 000 037 034 000 000 070 207 020 023
0886 000 000 000 000 186 118 000 000 023 033 000 000 070 203 022 032
0887 000 000 000 000 166 103 000 000 010 035 000 000 081 211 021 039
0888 000 000 000 000 156 080 000 000 015 021 000 000 100 222 025 021
0889 000 000 000 000 164 061 000 000 004 056 000 000 120 227 047 045
0890 000 000 000 000 198 047 002 000 001 009 000 011 129 224 053 036
0891 000 000 000 000 228 038 000 000 010 014 000 027 132 222 050 043
0892 000 000 000 000 255 037 000 000 015 029 000 040 140 224 041 037
0893 000 000 000 000 255 031 000 000 032 037 000 033 138 232 026 011
0894 000 000 008 000 255 025 000 000 062 062 000 006 128 236 006 000
0895 000 000 008 000 254 012 000 000 056 046 000 000 130 233 002 000
0896 000 000 000 000 255 010 000 000 048 041 000 000 127 229 014 000
0897 000 000 000 000 255 025 000 000 047 044 000 002 123 223 048 000
0898 000 000 000 000 255 060 000 000 018 066 000 024 124 224 006 017
0899 000 000 000 000 255 090 000 000 020 075 008 029 128 231 003 013
0900 000 002 000 000 255 090 000 000 027 064 019 032 125 236 016 024
0901 000 000 000 000 234 089 000 000 016 032 023 032 105 242 027 017
0902 000 000 000 000 232 107 000 000 001 011 021 021 070 247 011 000
0903 000 000 000 000 235 148 000 000 004 001 017 013 055 244 015 011
0904 000 000 000 000 226 171 000 000 068 010 016 015 051 240 001 001
0905 000 000 000 000 225 160 000 000 009 038 015 005 053 235 023 000
0906 000 000 000 000 247 117 000 000 002 063 014 000 061 228 030 004
0907 000 000 000 000 255 081 000 000 000 084 009 000 065 222 022 000
0908 000 000 000 000 255 042 000 000 020 087 047 013 072 212 025 000
0909 000 000 000 000 232 039 000 000 014 082 000 012 072 212 025 000
0910 000 000 000 000 196 016 000 000 012 057 000 000 075 227 017 000
0911 000 000 000 000 175 033 000 000 020 003 000 002 079 249 041 000
0912 000 000 000 000 167 084 000 000 028 020 000 007 079 255 032 004
0913 000 000 000 000 163 114 000 000 026 041 001 014 079 255 042 000
0914 000 000 000 000 159 127 000 000 027 056 000 023 077 255 041 006
0915 000 000 000 000 142 154 007 000 024 056 000 025 060 255 030 000
0916 000 000 000 000 124 138 000 000 033 025 005 010 035 255 019 002
0917 000 000 000 000 112 099 000 000 021 029 016 013 020 255 006 014
0918 000 000 000 000 128 014 000 000 005 051 035 027 000 255 000 027
0919 000 000 000 000 156 057 000 000 010 045 037 017 000 255 010 017
0920 000 000 000 000 160 054 000 000 027 028 032 004 000 235 034 009
0921 000 000 000 000 146 026 000 000 026 033 017 006 000 195 045 008
0922 000 000 000 000 119 018 000 000 029 016 006 019 010 159 041 013
0923 000 000 000 000 097 027 000 000 032 010 000 016 028 133 034 005
0924 000 000 000 000 096 037 000 000 020 011 000 010 040 124 016 002
0925 000 000 000 000 092 046 000 000 010 003 000 007 049 129 001 002
0926 000 000 000 000 086 054 000 000 001 013 000 063 052 138 016 016
0927 000 000 000 000 065 068 000 000 025 051 000 018 052 168 012 011
0928 000 000 020 000 048 079 000 000 081 031 000 042 044 182 010 020
0929 000 000 043 000 055 086 000 000 121 025 000 052 036 194 008 023
0930 000 000 048 000 054 085 000 000 127 036 000 048 019 217 015 010
0931 000 000 047 000 057 072 021 000 125 048 000 034 000 227 010 000
0932 000 000 057 000 049 042 000 000 144 059 000 011 002 244 004 005
0933 000 000 079 000 039 009 000 000 183 072 000 018 024 255 000 010
0934 000 000 097 000 038 000 000 000 216 058 013 025 044 252 000 016
0935 000 000 127 000 024 000 000 000 255 032 000 022 049 227 000 038
0936 000 000 153 000 005 000 000 000 255 026 000 036 034 182 000 050
0937 000 000 183 000 000 000 000 000 255 036 000 042 014 140 000 030
0938 000 000 218 000 000 000 000 000 255 045 000 039 007 110 000 010
0939 000 000 255 000 000 000 000 000 255 048 000 031 010 092 000 018
0940 000 000 255 000 000 000 000 000 255 022 000 020 021 095 000 024
0941 000 000 255 000 000 000 000 000 255 048 000 025 032 105 000 004
0942 000 005 255 000 000 000 000 000 255 066 000 034 032 124 000 009
0943 000 000 255 000 000 000 000 000 255 075 000 026 024 156 011 014
0944 000 000 255 000 000 000 000 000 255 070 000 026 017 161 002 025
0945 000 000 255 012 000 003 000 000 255 116 005 038 001 189 000 020
0946 000 000 255 019 000 006 000 000 255 129 010 046 000 204 022 021
0947 000 000 255 015 000 002 000 000 255 117 012 048 000 201 000 009
0948 000 004 255 003 000 000 000 000 255 091 004 066 000 189 000 018
0949 000 015 255 000 000 000 000 000 255 059 000 084 000 178 000 029
0950 000 025 255 000 000 001 000 000 255 052 000 105 000 191 011 033
0951 000 034 255 000 000 000 000 000 255 027 001 119 016 192 018 082
0952 000 041 255 000 000 000 000 000 255 058 000 132 041 175 067 000
0953 000 048 255 000 000 000 000 000 255 045 000 151 049 172 012 000
0954 000 057 255 000 000 000 000 000 255 024 000 163 045 167 025 000
0955 000 075 255 000 000 000 000 000 255 045 000 199 035 143 016 000
0956 000 101 255 003 000 000 000 000 255 091 003 246 013 122 015 016
0957 000 123 255 000 000 000 000 000 255 076 001 255 000 096 007 026
0958 000 137 255 000 009 000 000 000 255 093 000 255 000 086 003 007
0959 000 140 255 000 022 000 000 000 255 041 000 255 000 087 006 026
0960 000 135 255 000 020 000 000 000 255 077 002 255 001 079 000 027
0961 000 125 255 000 017 000 000 000 255 081 004 255 003 075 000 033
0962 000 107 255 002 013 000 000 000 255 088 000 254 000 072 042 025
0963 000 088 255 000 004 000 000 000 255 083 000 222 000 070 026 016
0964 000 074 255 000 003 000 000 000 255 052 000 197 000 057 029 019
0965 000 061 255 000 004 000 000 000 255 058 000 172 008 032 002 001
0966 000 048 255 009 011 000 000 000 255 104 000 144 021 036 000 000
0967 000 036 255 000 023 015 000 000 255 033 000 120 024 046 000 000
0968 000 021 255 000 031 034 000 000 255 036 000 132 029 061 063 000
0969 000 008 255 000 038 032 000 000 255 065 000 070 032 087 000 063
0970 000 000 255 000 024 009 000 000 255 069 000 052 031 106 000 000
0971 000 000 247 000 001 000 000 000 255 055 000 040 031 110 000 009
0972 000 000 158 000 013 000 000 000 255 054 000 028 032 110 003 019
0973 000 000 096 000 047 000 000 000 211 051 011 015 046 114 021 008
0974 000 000 057 000 095 000 000 008 141 036 000 018 068 119 026 009
0975 000 000 026 000 127 000 000 000 087 041 000 017 073 095 017 020
0976 000 000 000 000 111 002 000 000 030 036 000 002 040 083 000 027
0977 000 000 000 000 086 007 000 000 012 043 000 000 014 075 000 012
0978 000 000 000 000 076 001 000 000 020 026 000 009 017 068 000 000
0979 000 000 000 000 097 014 000 000 019 023 000 032 044 079 011 000
0980 000 000 000 000 123 031 000 000 000 047 000 049 087 086 002 001
0981 000 000 000 000 127 045 000 000 000 067 000 042 123 099 000 000
0982 000 000 000 013 105 048 000 000 002 121 000 008 146 115 004 004
0983 000 000 000 013 068 040 000 000 036 119 000 000 164 109 002 006
0984 006 000 000 000 015 032 000 000 045 080 000 000 176 107 008 022
0985 000 000 005 000 008 040 000 000 054 074 000 000 173 103 009 014
0986 000 000 002 000 024 058 000 000 049 040 000 000 154 105 019 000
0987 000 000 000 000 038 055 000 000 058 017 000 002 129 115 028 000
0988 000 000 000 000 065 047 000 000 035 000 000 005 112 111 018 000
0989 000 000 000 000 107 044 000 000 027 009 000 013 089 106 002 003
0990 000 000 000 000 111 062 000 000 008 015 000 011 067 095 001 014
0991 000 000 000 000 094 082 000 000 019 078 000 008 065 082 003 015
0992 000 000 000 000 074 063 000 000 021 056 000 010 080 081 009 003
0993 000 000 000 000 079 026 000 000 038 044 000 009 098 094 002 038
0994 000 000 000 001 101 038 000 000 017 085 000 009 111 116 000 041
0995 000 000 000 000 146 081 000 000 021 073 000 011 111 135 000 031
0996 000 000 000 005 200 115 000 000 035 096 000 022 110 143 003 003
0997 000 000 000 012 229 142 000 000 037 114 000 031 108 122 000 004
0998 000 000 000 022 219 172 000 000 028 136 000 022 111 125 000 011
0999 000 000 000 013 194 183 000 000 023 112 000 019 123 129 000 036
1000 000 000 000 005 182 176 000 000 020 095 000 023 130 129 003 034
1001 000 000 000 000 177 146 000 000 070 061 000 026 111 124 000 037
1002 000 000 000 000 161 105 000 000 000 046 000 024 090 117 000 030
1003 000 000 000 000 143 098 000 000 000 031 000 021 071 107 000 024
1004 000 000 000 000 161 091 000 000 000 035 000 024 058 093 000 034
1005 000 000 000 000 187 076 000 000 000 016 000 027 047 086 000 030
1006 000 000 000 000 227 053 000 000 002 040 000 037 036 077 000 002
1007 000 000 000 000 255 044 000 000 004 039 021 048 043 076 000 000
1008 000 000 000 000 255 047 000 000 013 052 000 046 054 079 000 000
1009 000 000 000 000 255 052 000 000 012 094 000 037 071 080 000 000
1010 000 000 000 000 222 074 000 000 000 043 000 025 081 078 000 006
1011 000 000 000 000 167 098 000 000 001 012 000 024 079 060 000 012
1012 000 000 000 000 171 103 000 000 023 049 000 035 077 037 000 022
1013 000 000 000 000 204 091 000 000 017 057 000 048 072 019 000 000
1014 000 000 000 000 234 073 000 000 072 077 000 040 065 000 000 000
1015 000 000 000 000 236 064 000 000 020 035 000 033 063 000 026 000
1016 000 000 000 000 209 080 000 000 005 040 000 031 062 000 000 000
1017 000 000 000 000 184 098 000 000 003 049 000 029 066 000 000 000
1018 000 000 000 000 155 112 000 000 013 055 000 033 074 000 000 001
1019 000 000 000 000 149 090 000 000 000 071 000 028 087 000 000 005
1020 000 000 000 000 161 060 000 000 023 070 000 021 096 000 000 013
1021 000 000 000 000 164 058 000 000 034 082 000 012 094 000 000 025
1022 000 000 000 028 151 059 000 000 042 151 000 005 079 000 000 027
1023 000 000 000 046 126 060 000 000 029 195 000 008 048 000 000 018
1024 000 000 000 058 097 054 000 000 004 234 000 006 029 000 012 002
1025 000 000 000 075 069 040 000 000 000 255 000 000 024 000 000 000
1026 000 000 000 112 065 025 000 000 000 255 000 000 032 000 000 000
1027 000 000 000 142 076 003 000 000 007 255 000 000 045 000 000 000
1028 000 000 000 177 094 000 000 000 000 255 000 000 056 000 000 000
1029 000 000 000 192 129 014 000 000 000 255 000 010 057 000 034 000
1030 000 000 000 191 134 026 000 000 022 255 000 010 053 000 000 000
1031 000 000 000 186 138 025 000 000 025 255 000 000 043 000 000 000
1032 000 000 000 170 124 017 000 000 000 255 000 000 038 000 000 000
1033 000 000 000 150 096 020 000 000 011 255 000 000 023 000 000 000
1034 000 000 000 138 076 030 000 000 001 255 000 015 009 000 000 000
1035 000 000 000 134 071 045 000 000 026 255 000 024 002 000 000 000
1036 000 000 000 133 063 050 000 000 012 255 000 027 000 000 001 000
1037 000 000 000 132 041 047 000 000 005 255 000 027 000 000 000 000
1038 000 000 000 130 028 044 000 000 008 255 000 021 000 000 002 000
